positions
-0.488889 -0.488889
-0.488889 -0.466667
-0.488889 -0.444444
-0.488889 -0.422222
-0.488889 -0.4
-0.488889 -0.377778
-0.488889 -0.355556
-0.488889 -0.333333
-0.488889 -0.311111
-0.488889 -0.288889
-0.488889 -0.266667
-0.488889 -0.244444
-0.488889 -0.222222
-0.488889 -0.2
-0.488889 -0.177778
-0.488889 -0.155556
-0.488889 -0.133333
-0.488889 -0.111111
-0.488889 -0.0888889
-0.488889 -0.0666667
-0.488889 -0.0444444
-0.488889 -0.0222222
-0.488889 0
-0.488889 0.0222222
-0.488889 0.0444444
-0.488889 0.0666667
-0.488889 0.0888889
-0.488889 0.111111
-0.488889 0.133333
-0.488889 0.155556
-0.488889 0.177778
-0.488889 0.2
-0.488889 0.222222
-0.488889 0.244444
-0.488889 0.266667
-0.488889 0.288889
-0.488889 0.311111
-0.488889 0.333333
-0.488889 0.355556
-0.488889 0.377778
-0.488889 0.4
-0.488889 0.422222
-0.488889 0.444444
-0.488889 0.466667
-0.488889 0.488889
-0.466667 -0.488889
-0.466667 -0.466667
-0.466667 -0.444444
-0.466667 -0.422222
-0.466667 -0.4
-0.466667 -0.377778
-0.466667 -0.355556
-0.466667 -0.333333
-0.466667 -0.311111
-0.466667 -0.288889
-0.466667 -0.266667
-0.466667 -0.244444
-0.466667 -0.222222
-0.466667 -0.2
-0.466667 -0.177778
-0.466667 -0.155556
-0.466667 -0.133333
-0.466667 -0.111111
-0.466667 -0.0888889
-0.466667 -0.0666667
-0.466667 -0.0444444
-0.466667 -0.0222222
-0.466667 0
-0.466667 0.0222222
-0.466667 0.0444444
-0.466667 0.0666667
-0.466667 0.0888889
-0.466667 0.111111
-0.466667 0.133333
-0.466667 0.155556
-0.466667 0.177778
-0.466667 0.2
-0.466667 0.222222
-0.466667 0.244444
-0.466667 0.266667
-0.466667 0.288889
-0.466667 0.311111
-0.466667 0.333333
-0.466667 0.355556
-0.466667 0.377778
-0.466667 0.4
-0.466667 0.422222
-0.466667 0.444444
-0.466667 0.466667
-0.466667 0.488889
-0.444444 -0.488889
-0.444444 -0.466667
-0.444444 -0.444444
-0.444444 -0.422222
-0.444444 -0.4
-0.444444 -0.377778
-0.444444 -0.355556
-0.444444 -0.333333
-0.444444 -0.311111
-0.444444 -0.288889
-0.444444 -0.266667
-0.444444 -0.244444
-0.444444 -0.222222
-0.444444 -0.2
-0.444444 -0.177778
-0.444444 -0.155556
-0.444444 -0.133333
-0.444444 -0.111111
-0.444444 -0.0888889
-0.444444 -0.0666667
-0.444444 -0.0444444
-0.444444 -0.0222222
-0.444444 0
-0.444444 0.0222222
-0.444444 0.0444444
-0.444444 0.0666667
-0.444444 0.0888889
-0.444444 0.111111
-0.444444 0.133333
-0.444444 0.155556
-0.444444 0.177778
-0.444444 0.2
-0.444444 0.222222
-0.444444 0.244444
-0.444444 0.266667
-0.444444 0.288889
-0.444444 0.311111
-0.444444 0.333333
-0.444444 0.355556
-0.444444 0.377778
-0.444444 0.4
-0.444444 0.422222
-0.444444 0.444444
-0.444444 0.466667
-0.444444 0.488889
-0.422222 -0.488889
-0.422222 -0.466667
-0.422222 -0.444444
-0.422222 -0.422222
-0.422222 -0.4
-0.422222 -0.377778
-0.422222 -0.355556
-0.422222 -0.333333
-0.422222 -0.311111
-0.422222 -0.288889
-0.422222 -0.266667
-0.422222 -0.244444
-0.422222 -0.222222
-0.422222 -0.2
-0.422222 -0.177778
-0.422222 -0.155556
-0.422222 -0.133333
-0.422222 -0.111111
-0.422222 -0.0888889
-0.422222 -0.0666667
-0.422222 -0.0444444
-0.422222 -0.0222222
-0.422222 0
-0.422222 0.0222222
-0.422222 0.0444444
-0.422222 0.0666667
-0.422222 0.0888889
-0.422222 0.111111
-0.422222 0.133333
-0.422222 0.155556
-0.422222 0.177778
-0.422222 0.2
-0.422222 0.222222
-0.422222 0.244444
-0.422222 0.266667
-0.422222 0.288889
-0.422222 0.311111
-0.422222 0.333333
-0.422222 0.355556
-0.422222 0.377778
-0.422222 0.4
-0.422222 0.422222
-0.422222 0.444444
-0.422222 0.466667
-0.422222 0.488889
-0.4 -0.488889
-0.4 -0.466667
-0.4 -0.444444
-0.4 -0.422222
-0.4 -0.4
-0.4 -0.377778
-0.4 -0.355556
-0.4 -0.333333
-0.4 -0.311111
-0.4 -0.288889
-0.4 -0.266667
-0.4 -0.244444
-0.4 -0.222222
-0.4 -0.2
-0.4 -0.177778
-0.4 -0.155556
-0.4 -0.133333
-0.4 -0.111111
-0.4 -0.0888889
-0.4 -0.0666667
-0.4 -0.0444444
-0.4 -0.0222222
-0.4 0
-0.4 0.0222222
-0.4 0.0444444
-0.4 0.0666667
-0.4 0.0888889
-0.4 0.111111
-0.4 0.133333
-0.4 0.155556
-0.4 0.177778
-0.4 0.2
-0.4 0.222222
-0.4 0.244444
-0.4 0.266667
-0.4 0.288889
-0.4 0.311111
-0.4 0.333333
-0.4 0.355556
-0.4 0.377778
-0.4 0.4
-0.4 0.422222
-0.4 0.444444
-0.4 0.466667
-0.4 0.488889
-0.377778 -0.488889
-0.377778 -0.466667
-0.377778 -0.444444
-0.377778 -0.422222
-0.377778 -0.4
-0.377778 -0.377778
-0.377778 -0.355556
-0.377778 -0.333333
-0.377778 -0.311111
-0.377778 -0.288889
-0.377778 -0.266667
-0.377778 -0.244444
-0.377778 -0.222222
-0.377778 -0.2
-0.377778 -0.177778
-0.377778 -0.155556
-0.377778 -0.133333
-0.377778 -0.111111
-0.377778 -0.0888889
-0.377778 -0.0666667
-0.377778 -0.0444444
-0.377778 -0.0222222
-0.377778 0
-0.377778 0.0222222
-0.377778 0.0444444
-0.377778 0.0666667
-0.377778 0.0888889
-0.377778 0.111111
-0.377778 0.133333
-0.377778 0.155556
-0.377778 0.177778
-0.377778 0.2
-0.377778 0.222222
-0.377778 0.244444
-0.377778 0.266667
-0.377778 0.288889
-0.377778 0.311111
-0.377778 0.333333
-0.377778 0.355556
-0.377778 0.377778
-0.377778 0.4
-0.377778 0.422222
-0.377778 0.444444
-0.377778 0.466667
-0.377778 0.488889
-0.355556 -0.488889
-0.355556 -0.466667
-0.355556 -0.444444
-0.355556 -0.422222
-0.355556 -0.4
-0.355556 -0.377778
-0.355556 -0.355556
-0.355556 -0.333333
-0.355556 -0.311111
-0.355556 -0.288889
-0.355556 -0.266667
-0.355556 -0.244444
-0.355556 -0.222222
-0.355556 -0.2
-0.355556 -0.177778
-0.355556 -0.155556
-0.355556 -0.133333
-0.355556 -0.111111
-0.355556 -0.0888889
-0.355556 -0.0666667
-0.355556 -0.0444444
-0.355556 -0.0222222
-0.355556 0
-0.355556 0.0222222
-0.355556 0.0444444
-0.355556 0.0666667
-0.355556 0.0888889
-0.355556 0.111111
-0.355556 0.133333
-0.355556 0.155556
-0.355556 0.177778
-0.355556 0.2
-0.355556 0.222222
-0.355556 0.244444
-0.355556 0.266667
-0.355556 0.288889
-0.355556 0.311111
-0.355556 0.333333
-0.355556 0.355556
-0.355556 0.377778
-0.355556 0.4
-0.355556 0.422222
-0.355556 0.444444
-0.355556 0.466667
-0.355556 0.488889
-0.333333 -0.488889
-0.333333 -0.466667
-0.333333 -0.444444
-0.333333 -0.422222
-0.333333 -0.4
-0.333333 -0.377778
-0.333333 -0.355556
-0.333333 -0.333333
-0.333333 -0.311111
-0.333333 -0.288889
-0.333333 -0.266667
-0.333333 -0.244444
-0.333333 -0.222222
-0.333333 -0.2
-0.333333 -0.177778
-0.333333 -0.155556
-0.333333 -0.133333
-0.333333 -0.111111
-0.333333 -0.0888889
-0.333333 -0.0666667
-0.333333 -0.0444444
-0.333333 -0.0222222
-0.333333 0
-0.333333 0.0222222
-0.333333 0.0444444
-0.333333 0.0666667
-0.333333 0.0888889
-0.333333 0.111111
-0.333333 0.133333
-0.333333 0.155556
-0.333333 0.177778
-0.333333 0.2
-0.333333 0.222222
-0.333333 0.244444
-0.333333 0.266667
-0.333333 0.288889
-0.333333 0.311111
-0.333333 0.333333
-0.333333 0.355556
-0.333333 0.377778
-0.333333 0.4
-0.333333 0.422222
-0.333333 0.444444
-0.333333 0.466667
-0.333333 0.488889
-0.311111 -0.488889
-0.311111 -0.466667
-0.311111 -0.444444
-0.311111 -0.422222
-0.311111 -0.4
-0.311111 -0.377778
-0.311111 -0.355556
-0.311111 -0.333333
-0.311111 -0.311111
-0.311111 -0.288889
-0.311111 -0.266667
-0.311111 -0.244444
-0.311111 -0.222222
-0.311111 -0.2
-0.311111 -0.177778
-0.311111 -0.155556
-0.311111 -0.133333
-0.311111 -0.111111
-0.311111 -0.0888889
-0.311111 -0.0666667
-0.311111 -0.0444444
-0.311111 -0.0222222
-0.311111 0
-0.311111 0.0222222
-0.311111 0.0444444
-0.311111 0.0666667
-0.311111 0.0888889
-0.311111 0.111111
-0.311111 0.133333
-0.311111 0.155556
-0.311111 0.177778
-0.311111 0.2
-0.311111 0.222222
-0.311111 0.244444
-0.311111 0.266667
-0.311111 0.288889
-0.311111 0.311111
-0.311111 0.333333
-0.311111 0.355556
-0.311111 0.377778
-0.311111 0.4
-0.311111 0.422222
-0.311111 0.444444
-0.311111 0.466667
-0.311111 0.488889
-0.288889 -0.488889
-0.288889 -0.466667
-0.288889 -0.444444
-0.288889 -0.422222
-0.288889 -0.4
-0.288889 -0.377778
-0.288889 -0.355556
-0.288889 -0.333333
-0.288889 -0.311111
-0.288889 -0.288889
-0.288889 -0.266667
-0.288889 -0.244444
-0.288889 -0.222222
-0.288889 -0.2
-0.288889 -0.177778
-0.288889 -0.155556
-0.288889 -0.133333
-0.288889 -0.111111
-0.288889 -0.0888889
-0.288889 -0.0666667
-0.288889 -0.0444444
-0.288889 -0.0222222
-0.288889 0
-0.288889 0.0222222
-0.288889 0.0444444
-0.288889 0.0666667
-0.288889 0.0888889
-0.288889 0.111111
-0.288889 0.133333
-0.288889 0.155556
-0.288889 0.177778
-0.288889 0.2
-0.288889 0.222222
-0.288889 0.244444
-0.288889 0.266667
-0.288889 0.288889
-0.288889 0.311111
-0.288889 0.333333
-0.288889 0.355556
-0.288889 0.377778
-0.288889 0.4
-0.288889 0.422222
-0.288889 0.444444
-0.288889 0.466667
-0.288889 0.488889
-0.266667 -0.488889
-0.266667 -0.466667
-0.266667 -0.444444
-0.266667 -0.422222
-0.266667 -0.4
-0.266667 -0.377778
-0.266667 -0.355556
-0.266667 -0.333333
-0.266667 -0.311111
-0.266667 -0.288889
-0.266667 -0.266667
-0.266667 -0.244444
-0.266667 -0.222222
-0.266667 -0.2
-0.266667 -0.177778
-0.266667 -0.155556
-0.266667 -0.133333
-0.266667 -0.111111
-0.266667 -0.0888889
-0.266667 -0.0666667
-0.266667 -0.0444444
-0.266667 -0.0222222
-0.266667 0
-0.266667 0.0222222
-0.266667 0.0444444
-0.266667 0.0666667
-0.266667 0.0888889
-0.266667 0.111111
-0.266667 0.133333
-0.266667 0.155556
-0.266667 0.177778
-0.266667 0.2
-0.266667 0.222222
-0.266667 0.244444
-0.266667 0.266667
-0.266667 0.288889
-0.266667 0.311111
-0.266667 0.333333
-0.266667 0.355556
-0.266667 0.377778
-0.266667 0.4
-0.266667 0.422222
-0.266667 0.444444
-0.266667 0.466667
-0.266667 0.488889
-0.244444 -0.488889
-0.244444 -0.466667
-0.244444 -0.444444
-0.244444 -0.422222
-0.244444 -0.4
-0.244444 -0.377778
-0.244444 -0.355556
-0.244444 -0.333333
-0.244444 -0.311111
-0.244444 -0.288889
-0.244444 -0.266667
-0.244444 -0.244444
-0.244444 -0.222222
-0.244444 -0.2
-0.244444 -0.177778
-0.244444 -0.155556
-0.244444 -0.133333
-0.244444 -0.111111
-0.244444 -0.0888889
-0.244444 -0.0666667
-0.244444 -0.0444444
-0.244444 -0.0222222
-0.244444 0
-0.244444 0.0222222
-0.244444 0.0444444
-0.244444 0.0666667
-0.244444 0.0888889
-0.244444 0.111111
-0.244444 0.133333
-0.244444 0.155556
-0.244444 0.177778
-0.244444 0.2
-0.244444 0.222222
-0.244444 0.244444
-0.244444 0.266667
-0.244444 0.288889
-0.244444 0.311111
-0.244444 0.333333
-0.244444 0.355556
-0.244444 0.377778
-0.244444 0.4
-0.244444 0.422222
-0.244444 0.444444
-0.244444 0.466667
-0.244444 0.488889
-0.222222 -0.488889
-0.222222 -0.466667
-0.222222 -0.444444
-0.222222 -0.422222
-0.222222 -0.4
-0.222222 -0.377778
-0.222222 -0.355556
-0.222222 -0.333333
-0.222222 -0.311111
-0.222222 -0.288889
-0.222222 -0.266667
-0.222222 -0.244444
-0.222222 -0.222222
-0.222222 -0.2
-0.222222 -0.177778
-0.222222 -0.155556
-0.222222 -0.133333
-0.222222 -0.111111
-0.222222 -0.0888889
-0.222222 -0.0666667
-0.222222 -0.0444444
-0.222222 -0.0222222
-0.222222 0
-0.222222 0.0222222
-0.222222 0.0444444
-0.222222 0.0666667
-0.222222 0.0888889
-0.222222 0.111111
-0.222222 0.133333
-0.222222 0.155556
-0.222222 0.177778
-0.222222 0.2
-0.222222 0.222222
-0.222222 0.244444
-0.222222 0.266667
-0.222222 0.288889
-0.222222 0.311111
-0.222222 0.333333
-0.222222 0.355556
-0.222222 0.377778
-0.222222 0.4
-0.222222 0.422222
-0.222222 0.444444
-0.222222 0.466667
-0.222222 0.488889
-0.2 -0.488889
-0.2 -0.466667
-0.2 -0.444444
-0.2 -0.422222
-0.2 -0.4
-0.2 -0.377778
-0.2 -0.355556
-0.2 -0.333333
-0.2 -0.311111
-0.2 -0.288889
-0.2 -0.266667
-0.2 -0.244444
-0.2 -0.222222
-0.2 -0.2
-0.2 -0.177778
-0.2 -0.155556
-0.2 -0.133333
-0.2 -0.111111
-0.2 -0.0888889
-0.2 -0.0666667
-0.2 -0.0444444
-0.2 -0.0222222
-0.2 0
-0.2 0.0222222
-0.2 0.0444444
-0.2 0.0666667
-0.2 0.0888889
-0.2 0.111111
-0.2 0.133333
-0.2 0.155556
-0.2 0.177778
-0.2 0.2
-0.2 0.222222
-0.2 0.244444
-0.2 0.266667
-0.2 0.288889
-0.2 0.311111
-0.2 0.333333
-0.2 0.355556
-0.2 0.377778
-0.2 0.4
-0.2 0.422222
-0.2 0.444444
-0.2 0.466667
-0.2 0.488889
-0.177778 -0.488889
-0.177778 -0.466667
-0.177778 -0.444444
-0.177778 -0.422222
-0.177778 -0.4
-0.177778 -0.377778
-0.177778 -0.355556
-0.177778 -0.333333
-0.177778 -0.311111
-0.177778 -0.288889
-0.177778 -0.266667
-0.177778 -0.244444
-0.177778 -0.222222
-0.177778 -0.2
-0.177778 -0.177778
-0.177778 -0.155556
-0.177778 -0.133333
-0.177778 -0.111111
-0.177778 -0.0888889
-0.177778 -0.0666667
-0.177778 -0.0444444
-0.177778 -0.0222222
-0.177778 0
-0.177778 0.0222222
-0.177778 0.0444444
-0.177778 0.0666667
-0.177778 0.0888889
-0.177778 0.111111
-0.177778 0.133333
-0.177778 0.155556
-0.177778 0.177778
-0.177778 0.2
-0.177778 0.222222
-0.177778 0.244444
-0.177778 0.266667
-0.177778 0.288889
-0.177778 0.311111
-0.177778 0.333333
-0.177778 0.355556
-0.177778 0.377778
-0.177778 0.4
-0.177778 0.422222
-0.177778 0.444444
-0.177778 0.466667
-0.177778 0.488889
-0.155556 -0.488889
-0.155556 -0.466667
-0.155556 -0.444444
-0.155556 -0.422222
-0.155556 -0.4
-0.155556 -0.377778
-0.155556 -0.355556
-0.155556 -0.333333
-0.155556 -0.311111
-0.155556 -0.288889
-0.155556 -0.266667
-0.155556 -0.244444
-0.155556 -0.222222
-0.155556 -0.2
-0.155556 -0.177778
-0.155556 -0.155556
-0.155556 -0.133333
-0.155556 -0.111111
-0.155556 -0.0888889
-0.155556 -0.0666667
-0.155556 -0.0444444
-0.155556 -0.0222222
-0.155556 0
-0.155556 0.0222222
-0.155556 0.0444444
-0.155556 0.0666667
-0.155556 0.0888889
-0.155556 0.111111
-0.155556 0.133333
-0.155556 0.155556
-0.155556 0.177778
-0.155556 0.2
-0.155556 0.222222
-0.155556 0.244444
-0.155556 0.266667
-0.155556 0.288889
-0.155556 0.311111
-0.155556 0.333333
-0.155556 0.355556
-0.155556 0.377778
-0.155556 0.4
-0.155556 0.422222
-0.155556 0.444444
-0.155556 0.466667
-0.155556 0.488889
-0.133333 -0.488889
-0.133333 -0.466667
-0.133333 -0.444444
-0.133333 -0.422222
-0.133333 -0.4
-0.133333 -0.377778
-0.133333 -0.355556
-0.133333 -0.333333
-0.133333 -0.311111
-0.133333 -0.288889
-0.133333 -0.266667
-0.133333 -0.244444
-0.133333 -0.222222
-0.133333 -0.2
-0.133333 -0.177778
-0.133333 -0.155556
-0.133333 -0.133333
-0.133333 -0.111111
-0.133333 -0.0888889
-0.133333 -0.0666667
-0.133333 -0.0444444
-0.133333 -0.0222222
-0.133333 0
-0.133333 0.0222222
-0.133333 0.0444444
-0.133333 0.0666667
-0.133333 0.0888889
-0.133333 0.111111
-0.133333 0.133333
-0.133333 0.155556
-0.133333 0.177778
-0.133333 0.2
-0.133333 0.222222
-0.133333 0.244444
-0.133333 0.266667
-0.133333 0.288889
-0.133333 0.311111
-0.133333 0.333333
-0.133333 0.355556
-0.133333 0.377778
-0.133333 0.4
-0.133333 0.422222
-0.133333 0.444444
-0.133333 0.466667
-0.133333 0.488889
-0.111111 -0.488889
-0.111111 -0.466667
-0.111111 -0.444444
-0.111111 -0.422222
-0.111111 -0.4
-0.111111 -0.377778
-0.111111 -0.355556
-0.111111 -0.333333
-0.111111 -0.311111
-0.111111 -0.288889
-0.111111 -0.266667
-0.111111 -0.244444
-0.111111 -0.222222
-0.111111 -0.2
-0.111111 -0.177778
-0.111111 -0.155556
-0.111111 -0.133333
-0.111111 -0.111111
-0.111111 -0.0888889
-0.111111 -0.0666667
-0.111111 -0.0444444
-0.111111 -0.0222222
-0.111111 0
-0.111111 0.0222222
-0.111111 0.0444444
-0.111111 0.0666667
-0.111111 0.0888889
-0.111111 0.111111
-0.111111 0.133333
-0.111111 0.155556
-0.111111 0.177778
-0.111111 0.2
-0.111111 0.222222
-0.111111 0.244444
-0.111111 0.266667
-0.111111 0.288889
-0.111111 0.311111
-0.111111 0.333333
-0.111111 0.355556
-0.111111 0.377778
-0.111111 0.4
-0.111111 0.422222
-0.111111 0.444444
-0.111111 0.466667
-0.111111 0.488889
-0.0888889 -0.488889
-0.0888889 -0.466667
-0.0888889 -0.444444
-0.0888889 -0.422222
-0.0888889 -0.4
-0.0888889 -0.377778
-0.0888889 -0.355556
-0.0888889 -0.333333
-0.0888889 -0.311111
-0.0888889 -0.288889
-0.0888889 -0.266667
-0.0888889 -0.244444
-0.0888889 -0.222222
-0.0888889 -0.2
-0.0888889 -0.177778
-0.0888889 -0.155556
-0.0888889 -0.133333
-0.0888889 -0.111111
-0.0888889 -0.0888889
-0.0888889 -0.0666667
-0.0888889 -0.0444444
-0.0888889 -0.0222222
-0.0888889 0
-0.0888889 0.0222222
-0.0888889 0.0444444
-0.0888889 0.0666667
-0.0888889 0.0888889
-0.0888889 0.111111
-0.0888889 0.133333
-0.0888889 0.155556
-0.0888889 0.177778
-0.0888889 0.2
-0.0888889 0.222222
-0.0888889 0.244444
-0.0888889 0.266667
-0.0888889 0.288889
-0.0888889 0.311111
-0.0888889 0.333333
-0.0888889 0.355556
-0.0888889 0.377778
-0.0888889 0.4
-0.0888889 0.422222
-0.0888889 0.444444
-0.0888889 0.466667
-0.0888889 0.488889
-0.0666667 -0.488889
-0.0666667 -0.466667
-0.0666667 -0.444444
-0.0666667 -0.422222
-0.0666667 -0.4
-0.0666667 -0.377778
-0.0666667 -0.355556
-0.0666667 -0.333333
-0.0666667 -0.311111
-0.0666667 -0.288889
-0.0666667 -0.266667
-0.0666667 -0.244444
-0.0666667 -0.222222
-0.0666667 -0.2
-0.0666667 -0.177778
-0.0666667 -0.155556
-0.0666667 -0.133333
-0.0666667 -0.111111
-0.0666667 -0.0888889
-0.0666667 -0.0666667
-0.0666667 -0.0444444
-0.0666667 -0.0222222
-0.0666667 0
-0.0666667 0.0222222
-0.0666667 0.0444444
-0.0666667 0.0666667
-0.0666667 0.0888889
-0.0666667 0.111111
-0.0666667 0.133333
-0.0666667 0.155556
-0.0666667 0.177778
-0.0666667 0.2
-0.0666667 0.222222
-0.0666667 0.244444
-0.0666667 0.266667
-0.0666667 0.288889
-0.0666667 0.311111
-0.0666667 0.333333
-0.0666667 0.355556
-0.0666667 0.377778
-0.0666667 0.4
-0.0666667 0.422222
-0.0666667 0.444444
-0.0666667 0.466667
-0.0666667 0.488889
-0.0444444 -0.488889
-0.0444444 -0.466667
-0.0444444 -0.444444
-0.0444444 -0.422222
-0.0444444 -0.4
-0.0444444 -0.377778
-0.0444444 -0.355556
-0.0444444 -0.333333
-0.0444444 -0.311111
-0.0444444 -0.288889
-0.0444444 -0.266667
-0.0444444 -0.244444
-0.0444444 -0.222222
-0.0444444 -0.2
-0.0444444 -0.177778
-0.0444444 -0.155556
-0.0444444 -0.133333
-0.0444444 -0.111111
-0.0444444 -0.0888889
-0.0444444 -0.0666667
-0.0444444 -0.0444444
-0.0444444 -0.0222222
-0.0444444 0
-0.0444444 0.0222222
-0.0444444 0.0444444
-0.0444444 0.0666667
-0.0444444 0.0888889
-0.0444444 0.111111
-0.0444444 0.133333
-0.0444444 0.155556
-0.0444444 0.177778
-0.0444444 0.2
-0.0444444 0.222222
-0.0444444 0.244444
-0.0444444 0.266667
-0.0444444 0.288889
-0.0444444 0.311111
-0.0444444 0.333333
-0.0444444 0.355556
-0.0444444 0.377778
-0.0444444 0.4
-0.0444444 0.422222
-0.0444444 0.444444
-0.0444444 0.466667
-0.0444444 0.488889
-0.0222222 -0.488889
-0.0222222 -0.466667
-0.0222222 -0.444444
-0.0222222 -0.422222
-0.0222222 -0.4
-0.0222222 -0.377778
-0.0222222 -0.355556
-0.0222222 -0.333333
-0.0222222 -0.311111
-0.0222222 -0.288889
-0.0222222 -0.266667
-0.0222222 -0.244444
-0.0222222 -0.222222
-0.0222222 -0.2
-0.0222222 -0.177778
-0.0222222 -0.155556
-0.0222222 -0.133333
-0.0222222 -0.111111
-0.0222222 -0.0888889
-0.0222222 -0.0666667
-0.0222222 -0.0444444
-0.0222222 -0.0222222
-0.0222222 0
-0.0222222 0.0222222
-0.0222222 0.0444444
-0.0222222 0.0666667
-0.0222222 0.0888889
-0.0222222 0.111111
-0.0222222 0.133333
-0.0222222 0.155556
-0.0222222 0.177778
-0.0222222 0.2
-0.0222222 0.222222
-0.0222222 0.244444
-0.0222222 0.266667
-0.0222222 0.288889
-0.0222222 0.311111
-0.0222222 0.333333
-0.0222222 0.355556
-0.0222222 0.377778
-0.0222222 0.4
-0.0222222 0.422222
-0.0222222 0.444444
-0.0222222 0.466667
-0.0222222 0.488889
0 -0.488889
0 -0.466667
0 -0.444444
0 -0.422222
0 -0.4
0 -0.377778
0 -0.355556
0 -0.333333
0 -0.311111
0 -0.288889
0 -0.266667
0 -0.244444
0 -0.222222
0 -0.2
0 -0.177778
0 -0.155556
0 -0.133333
0 -0.111111
0 -0.0888889
0 -0.0666667
0 -0.0444444
0 -0.0222222
0 0
0 0.0222222
0 0.0444444
0 0.0666667
0 0.0888889
0 0.111111
0 0.133333
0 0.155556
0 0.177778
0 0.2
0 0.222222
0 0.244444
0 0.266667
0 0.288889
0 0.311111
0 0.333333
0 0.355556
0 0.377778
0 0.4
0 0.422222
0 0.444444
0 0.466667
0 0.488889
0.0222222 -0.488889
0.0222222 -0.466667
0.0222222 -0.444444
0.0222222 -0.422222
0.0222222 -0.4
0.0222222 -0.377778
0.0222222 -0.355556
0.0222222 -0.333333
0.0222222 -0.311111
0.0222222 -0.288889
0.0222222 -0.266667
0.0222222 -0.244444
0.0222222 -0.222222
0.0222222 -0.2
0.0222222 -0.177778
0.0222222 -0.155556
0.0222222 -0.133333
0.0222222 -0.111111
0.0222222 -0.0888889
0.0222222 -0.0666667
0.0222222 -0.0444444
0.0222222 -0.0222222
0.0222222 0
0.0222222 0.0222222
0.0222222 0.0444444
0.0222222 0.0666667
0.0222222 0.0888889
0.0222222 0.111111
0.0222222 0.133333
0.0222222 0.155556
0.0222222 0.177778
0.0222222 0.2
0.0222222 0.222222
0.0222222 0.244444
0.0222222 0.266667
0.0222222 0.288889
0.0222222 0.311111
0.0222222 0.333333
0.0222222 0.355556
0.0222222 0.377778
0.0222222 0.4
0.0222222 0.422222
0.0222222 0.444444
0.0222222 0.466667
0.0222222 0.488889
0.0444444 -0.488889
0.0444444 -0.466667
0.0444444 -0.444444
0.0444444 -0.422222
0.0444444 -0.4
0.0444444 -0.377778
0.0444444 -0.355556
0.0444444 -0.333333
0.0444444 -0.311111
0.0444444 -0.288889
0.0444444 -0.266667
0.0444444 -0.244444
0.0444444 -0.222222
0.0444444 -0.2
0.0444444 -0.177778
0.0444444 -0.155556
0.0444444 -0.133333
0.0444444 -0.111111
0.0444444 -0.0888889
0.0444444 -0.0666667
0.0444444 -0.0444444
0.0444444 -0.0222222
0.0444444 0
0.0444444 0.0222222
0.0444444 0.0444444
0.0444444 0.0666667
0.0444444 0.0888889
0.0444444 0.111111
0.0444444 0.133333
0.0444444 0.155556
0.0444444 0.177778
0.0444444 0.2
0.0444444 0.222222
0.0444444 0.244444
0.0444444 0.266667
0.0444444 0.288889
0.0444444 0.311111
0.0444444 0.333333
0.0444444 0.355556
0.0444444 0.377778
0.0444444 0.4
0.0444444 0.422222
0.0444444 0.444444
0.0444444 0.466667
0.0444444 0.488889
0.0666667 -0.488889
0.0666667 -0.466667
0.0666667 -0.444444
0.0666667 -0.422222
0.0666667 -0.4
0.0666667 -0.377778
0.0666667 -0.355556
0.0666667 -0.333333
0.0666667 -0.311111
0.0666667 -0.288889
0.0666667 -0.266667
0.0666667 -0.244444
0.0666667 -0.222222
0.0666667 -0.2
0.0666667 -0.177778
0.0666667 -0.155556
0.0666667 -0.133333
0.0666667 -0.111111
0.0666667 -0.0888889
0.0666667 -0.0666667
0.0666667 -0.0444444
0.0666667 -0.0222222
0.0666667 0
0.0666667 0.0222222
0.0666667 0.0444444
0.0666667 0.0666667
0.0666667 0.0888889
0.0666667 0.111111
0.0666667 0.133333
0.0666667 0.155556
0.0666667 0.177778
0.0666667 0.2
0.0666667 0.222222
0.0666667 0.244444
0.0666667 0.266667
0.0666667 0.288889
0.0666667 0.311111
0.0666667 0.333333
0.0666667 0.355556
0.0666667 0.377778
0.0666667 0.4
0.0666667 0.422222
0.0666667 0.444444
0.0666667 0.466667
0.0666667 0.488889
0.0888889 -0.488889
0.0888889 -0.466667
0.0888889 -0.444444
0.0888889 -0.422222
0.0888889 -0.4
0.0888889 -0.377778
0.0888889 -0.355556
0.0888889 -0.333333
0.0888889 -0.311111
0.0888889 -0.288889
0.0888889 -0.266667
0.0888889 -0.244444
0.0888889 -0.222222
0.0888889 -0.2
0.0888889 -0.177778
0.0888889 -0.155556
0.0888889 -0.133333
0.0888889 -0.111111
0.0888889 -0.0888889
0.0888889 -0.0666667
0.0888889 -0.0444444
0.0888889 -0.0222222
0.0888889 0
0.0888889 0.0222222
0.0888889 0.0444444
0.0888889 0.0666667
0.0888889 0.0888889
0.0888889 0.111111
0.0888889 0.133333
0.0888889 0.155556
0.0888889 0.177778
0.0888889 0.2
0.0888889 0.222222
0.0888889 0.244444
0.0888889 0.266667
0.0888889 0.288889
0.0888889 0.311111
0.0888889 0.333333
0.0888889 0.355556
0.0888889 0.377778
0.0888889 0.4
0.0888889 0.422222
0.0888889 0.444444
0.0888889 0.466667
0.0888889 0.488889
0.111111 -0.488889
0.111111 -0.466667
0.111111 -0.444444
0.111111 -0.422222
0.111111 -0.4
0.111111 -0.377778
0.111111 -0.355556
0.111111 -0.333333
0.111111 -0.311111
0.111111 -0.288889
0.111111 -0.266667
0.111111 -0.244444
0.111111 -0.222222
0.111111 -0.2
0.111111 -0.177778
0.111111 -0.155556
0.111111 -0.133333
0.111111 -0.111111
0.111111 -0.0888889
0.111111 -0.0666667
0.111111 -0.0444444
0.111111 -0.0222222
0.111111 0
0.111111 0.0222222
0.111111 0.0444444
0.111111 0.0666667
0.111111 0.0888889
0.111111 0.111111
0.111111 0.133333
0.111111 0.155556
0.111111 0.177778
0.111111 0.2
0.111111 0.222222
0.111111 0.244444
0.111111 0.266667
0.111111 0.288889
0.111111 0.311111
0.111111 0.333333
0.111111 0.355556
0.111111 0.377778
0.111111 0.4
0.111111 0.422222
0.111111 0.444444
0.111111 0.466667
0.111111 0.488889
0.133333 -0.488889
0.133333 -0.466667
0.133333 -0.444444
0.133333 -0.422222
0.133333 -0.4
0.133333 -0.377778
0.133333 -0.355556
0.133333 -0.333333
0.133333 -0.311111
0.133333 -0.288889
0.133333 -0.266667
0.133333 -0.244444
0.133333 -0.222222
0.133333 -0.2
0.133333 -0.177778
0.133333 -0.155556
0.133333 -0.133333
0.133333 -0.111111
0.133333 -0.0888889
0.133333 -0.0666667
0.133333 -0.0444444
0.133333 -0.0222222
0.133333 0
0.133333 0.0222222
0.133333 0.0444444
0.133333 0.0666667
0.133333 0.0888889
0.133333 0.111111
0.133333 0.133333
0.133333 0.155556
0.133333 0.177778
0.133333 0.2
0.133333 0.222222
0.133333 0.244444
0.133333 0.266667
0.133333 0.288889
0.133333 0.311111
0.133333 0.333333
0.133333 0.355556
0.133333 0.377778
0.133333 0.4
0.133333 0.422222
0.133333 0.444444
0.133333 0.466667
0.133333 0.488889
0.155556 -0.488889
0.155556 -0.466667
0.155556 -0.444444
0.155556 -0.422222
0.155556 -0.4
0.155556 -0.377778
0.155556 -0.355556
0.155556 -0.333333
0.155556 -0.311111
0.155556 -0.288889
0.155556 -0.266667
0.155556 -0.244444
0.155556 -0.222222
0.155556 -0.2
0.155556 -0.177778
0.155556 -0.155556
0.155556 -0.133333
0.155556 -0.111111
0.155556 -0.0888889
0.155556 -0.0666667
0.155556 -0.0444444
0.155556 -0.0222222
0.155556 0
0.155556 0.0222222
0.155556 0.0444444
0.155556 0.0666667
0.155556 0.0888889
0.155556 0.111111
0.155556 0.133333
0.155556 0.155556
0.155556 0.177778
0.155556 0.2
0.155556 0.222222
0.155556 0.244444
0.155556 0.266667
0.155556 0.288889
0.155556 0.311111
0.155556 0.333333
0.155556 0.355556
0.155556 0.377778
0.155556 0.4
0.155556 0.422222
0.155556 0.444444
0.155556 0.466667
0.155556 0.488889
0.177778 -0.488889
0.177778 -0.466667
0.177778 -0.444444
0.177778 -0.422222
0.177778 -0.4
0.177778 -0.377778
0.177778 -0.355556
0.177778 -0.333333
0.177778 -0.311111
0.177778 -0.288889
0.177778 -0.266667
0.177778 -0.244444
0.177778 -0.222222
0.177778 -0.2
0.177778 -0.177778
0.177778 -0.155556
0.177778 -0.133333
0.177778 -0.111111
0.177778 -0.0888889
0.177778 -0.0666667
0.177778 -0.0444444
0.177778 -0.0222222
0.177778 0
0.177778 0.0222222
0.177778 0.0444444
0.177778 0.0666667
0.177778 0.0888889
0.177778 0.111111
0.177778 0.133333
0.177778 0.155556
0.177778 0.177778
0.177778 0.2
0.177778 0.222222
0.177778 0.244444
0.177778 0.266667
0.177778 0.288889
0.177778 0.311111
0.177778 0.333333
0.177778 0.355556
0.177778 0.377778
0.177778 0.4
0.177778 0.422222
0.177778 0.444444
0.177778 0.466667
0.177778 0.488889
0.2 -0.488889
0.2 -0.466667
0.2 -0.444444
0.2 -0.422222
0.2 -0.4
0.2 -0.377778
0.2 -0.355556
0.2 -0.333333
0.2 -0.311111
0.2 -0.288889
0.2 -0.266667
0.2 -0.244444
0.2 -0.222222
0.2 -0.2
0.2 -0.177778
0.2 -0.155556
0.2 -0.133333
0.2 -0.111111
0.2 -0.0888889
0.2 -0.0666667
0.2 -0.0444444
0.2 -0.0222222
0.2 0
0.2 0.0222222
0.2 0.0444444
0.2 0.0666667
0.2 0.0888889
0.2 0.111111
0.2 0.133333
0.2 0.155556
0.2 0.177778
0.2 0.2
0.2 0.222222
0.2 0.244444
0.2 0.266667
0.2 0.288889
0.2 0.311111
0.2 0.333333
0.2 0.355556
0.2 0.377778
0.2 0.4
0.2 0.422222
0.2 0.444444
0.2 0.466667
0.2 0.488889
0.222222 -0.488889
0.222222 -0.466667
0.222222 -0.444444
0.222222 -0.422222
0.222222 -0.4
0.222222 -0.377778
0.222222 -0.355556
0.222222 -0.333333
0.222222 -0.311111
0.222222 -0.288889
0.222222 -0.266667
0.222222 -0.244444
0.222222 -0.222222
0.222222 -0.2
0.222222 -0.177778
0.222222 -0.155556
0.222222 -0.133333
0.222222 -0.111111
0.222222 -0.0888889
0.222222 -0.0666667
0.222222 -0.0444444
0.222222 -0.0222222
0.222222 0
0.222222 0.0222222
0.222222 0.0444444
0.222222 0.0666667
0.222222 0.0888889
0.222222 0.111111
0.222222 0.133333
0.222222 0.155556
0.222222 0.177778
0.222222 0.2
0.222222 0.222222
0.222222 0.244444
0.222222 0.266667
0.222222 0.288889
0.222222 0.311111
0.222222 0.333333
0.222222 0.355556
0.222222 0.377778
0.222222 0.4
0.222222 0.422222
0.222222 0.444444
0.222222 0.466667
0.222222 0.488889
0.244444 -0.488889
0.244444 -0.466667
0.244444 -0.444444
0.244444 -0.422222
0.244444 -0.4
0.244444 -0.377778
0.244444 -0.355556
0.244444 -0.333333
0.244444 -0.311111
0.244444 -0.288889
0.244444 -0.266667
0.244444 -0.244444
0.244444 -0.222222
0.244444 -0.2
0.244444 -0.177778
0.244444 -0.155556
0.244444 -0.133333
0.244444 -0.111111
0.244444 -0.0888889
0.244444 -0.0666667
0.244444 -0.0444444
0.244444 -0.0222222
0.244444 0
0.244444 0.0222222
0.244444 0.0444444
0.244444 0.0666667
0.244444 0.0888889
0.244444 0.111111
0.244444 0.133333
0.244444 0.155556
0.244444 0.177778
0.244444 0.2
0.244444 0.222222
0.244444 0.244444
0.244444 0.266667
0.244444 0.288889
0.244444 0.311111
0.244444 0.333333
0.244444 0.355556
0.244444 0.377778
0.244444 0.4
0.244444 0.422222
0.244444 0.444444
0.244444 0.466667
0.244444 0.488889
0.266667 -0.488889
0.266667 -0.466667
0.266667 -0.444444
0.266667 -0.422222
0.266667 -0.4
0.266667 -0.377778
0.266667 -0.355556
0.266667 -0.333333
0.266667 -0.311111
0.266667 -0.288889
0.266667 -0.266667
0.266667 -0.244444
0.266667 -0.222222
0.266667 -0.2
0.266667 -0.177778
0.266667 -0.155556
0.266667 -0.133333
0.266667 -0.111111
0.266667 -0.0888889
0.266667 -0.0666667
0.266667 -0.0444444
0.266667 -0.0222222
0.266667 0
0.266667 0.0222222
0.266667 0.0444444
0.266667 0.0666667
0.266667 0.0888889
0.266667 0.111111
0.266667 0.133333
0.266667 0.155556
0.266667 0.177778
0.266667 0.2
0.266667 0.222222
0.266667 0.244444
0.266667 0.266667
0.266667 0.288889
0.266667 0.311111
0.266667 0.333333
0.266667 0.355556
0.266667 0.377778
0.266667 0.4
0.266667 0.422222
0.266667 0.444444
0.266667 0.466667
0.266667 0.488889
0.288889 -0.488889
0.288889 -0.466667
0.288889 -0.444444
0.288889 -0.422222
0.288889 -0.4
0.288889 -0.377778
0.288889 -0.355556
0.288889 -0.333333
0.288889 -0.311111
0.288889 -0.288889
0.288889 -0.266667
0.288889 -0.244444
0.288889 -0.222222
0.288889 -0.2
0.288889 -0.177778
0.288889 -0.155556
0.288889 -0.133333
0.288889 -0.111111
0.288889 -0.0888889
0.288889 -0.0666667
0.288889 -0.0444444
0.288889 -0.0222222
0.288889 0
0.288889 0.0222222
0.288889 0.0444444
0.288889 0.0666667
0.288889 0.0888889
0.288889 0.111111
0.288889 0.133333
0.288889 0.155556
0.288889 0.177778
0.288889 0.2
0.288889 0.222222
0.288889 0.244444
0.288889 0.266667
0.288889 0.288889
0.288889 0.311111
0.288889 0.333333
0.288889 0.355556
0.288889 0.377778
0.288889 0.4
0.288889 0.422222
0.288889 0.444444
0.288889 0.466667
0.288889 0.488889
0.311111 -0.488889
0.311111 -0.466667
0.311111 -0.444444
0.311111 -0.422222
0.311111 -0.4
0.311111 -0.377778
0.311111 -0.355556
0.311111 -0.333333
0.311111 -0.311111
0.311111 -0.288889
0.311111 -0.266667
0.311111 -0.244444
0.311111 -0.222222
0.311111 -0.2
0.311111 -0.177778
0.311111 -0.155556
0.311111 -0.133333
0.311111 -0.111111
0.311111 -0.0888889
0.311111 -0.0666667
0.311111 -0.0444444
0.311111 -0.0222222
0.311111 0
0.311111 0.0222222
0.311111 0.0444444
0.311111 0.0666667
0.311111 0.0888889
0.311111 0.111111
0.311111 0.133333
0.311111 0.155556
0.311111 0.177778
0.311111 0.2
0.311111 0.222222
0.311111 0.244444
0.311111 0.266667
0.311111 0.288889
0.311111 0.311111
0.311111 0.333333
0.311111 0.355556
0.311111 0.377778
0.311111 0.4
0.311111 0.422222
0.311111 0.444444
0.311111 0.466667
0.311111 0.488889
0.333333 -0.488889
0.333333 -0.466667
0.333333 -0.444444
0.333333 -0.422222
0.333333 -0.4
0.333333 -0.377778
0.333333 -0.355556
0.333333 -0.333333
0.333333 -0.311111
0.333333 -0.288889
0.333333 -0.266667
0.333333 -0.244444
0.333333 -0.222222
0.333333 -0.2
0.333333 -0.177778
0.333333 -0.155556
0.333333 -0.133333
0.333333 -0.111111
0.333333 -0.0888889
0.333333 -0.0666667
0.333333 -0.0444444
0.333333 -0.0222222
0.333333 0
0.333333 0.0222222
0.333333 0.0444444
0.333333 0.0666667
0.333333 0.0888889
0.333333 0.111111
0.333333 0.133333
0.333333 0.155556
0.333333 0.177778
0.333333 0.2
0.333333 0.222222
0.333333 0.244444
0.333333 0.266667
0.333333 0.288889
0.333333 0.311111
0.333333 0.333333
0.333333 0.355556
0.333333 0.377778
0.333333 0.4
0.333333 0.422222
0.333333 0.444444
0.333333 0.466667
0.333333 0.488889
0.355556 -0.488889
0.355556 -0.466667
0.355556 -0.444444
0.355556 -0.422222
0.355556 -0.4
0.355556 -0.377778
0.355556 -0.355556
0.355556 -0.333333
0.355556 -0.311111
0.355556 -0.288889
0.355556 -0.266667
0.355556 -0.244444
0.355556 -0.222222
0.355556 -0.2
0.355556 -0.177778
0.355556 -0.155556
0.355556 -0.133333
0.355556 -0.111111
0.355556 -0.0888889
0.355556 -0.0666667
0.355556 -0.0444444
0.355556 -0.0222222
0.355556 0
0.355556 0.0222222
0.355556 0.0444444
0.355556 0.0666667
0.355556 0.0888889
0.355556 0.111111
0.355556 0.133333
0.355556 0.155556
0.355556 0.177778
0.355556 0.2
0.355556 0.222222
0.355556 0.244444
0.355556 0.266667
0.355556 0.288889
0.355556 0.311111
0.355556 0.333333
0.355556 0.355556
0.355556 0.377778
0.355556 0.4
0.355556 0.422222
0.355556 0.444444
0.355556 0.466667
0.355556 0.488889
0.377778 -0.488889
0.377778 -0.466667
0.377778 -0.444444
0.377778 -0.422222
0.377778 -0.4
0.377778 -0.377778
0.377778 -0.355556
0.377778 -0.333333
0.377778 -0.311111
0.377778 -0.288889
0.377778 -0.266667
0.377778 -0.244444
0.377778 -0.222222
0.377778 -0.2
0.377778 -0.177778
0.377778 -0.155556
0.377778 -0.133333
0.377778 -0.111111
0.377778 -0.0888889
0.377778 -0.0666667
0.377778 -0.0444444
0.377778 -0.0222222
0.377778 0
0.377778 0.0222222
0.377778 0.0444444
0.377778 0.0666667
0.377778 0.0888889
0.377778 0.111111
0.377778 0.133333
0.377778 0.155556
0.377778 0.177778
0.377778 0.2
0.377778 0.222222
0.377778 0.244444
0.377778 0.266667
0.377778 0.288889
0.377778 0.311111
0.377778 0.333333
0.377778 0.355556
0.377778 0.377778
0.377778 0.4
0.377778 0.422222
0.377778 0.444444
0.377778 0.466667
0.377778 0.488889
0.4 -0.488889
0.4 -0.466667
0.4 -0.444444
0.4 -0.422222
0.4 -0.4
0.4 -0.377778
0.4 -0.355556
0.4 -0.333333
0.4 -0.311111
0.4 -0.288889
0.4 -0.266667
0.4 -0.244444
0.4 -0.222222
0.4 -0.2
0.4 -0.177778
0.4 -0.155556
0.4 -0.133333
0.4 -0.111111
0.4 -0.0888889
0.4 -0.0666667
0.4 -0.0444444
0.4 -0.0222222
0.4 0
0.4 0.0222222
0.4 0.0444444
0.4 0.0666667
0.4 0.0888889
0.4 0.111111
0.4 0.133333
0.4 0.155556
0.4 0.177778
0.4 0.2
0.4 0.222222
0.4 0.244444
0.4 0.266667
0.4 0.288889
0.4 0.311111
0.4 0.333333
0.4 0.355556
0.4 0.377778
0.4 0.4
0.4 0.422222
0.4 0.444444
0.4 0.466667
0.4 0.488889
0.422222 -0.488889
0.422222 -0.466667
0.422222 -0.444444
0.422222 -0.422222
0.422222 -0.4
0.422222 -0.377778
0.422222 -0.355556
0.422222 -0.333333
0.422222 -0.311111
0.422222 -0.288889
0.422222 -0.266667
0.422222 -0.244444
0.422222 -0.222222
0.422222 -0.2
0.422222 -0.177778
0.422222 -0.155556
0.422222 -0.133333
0.422222 -0.111111
0.422222 -0.0888889
0.422222 -0.0666667
0.422222 -0.0444444
0.422222 -0.0222222
0.422222 0
0.422222 0.0222222
0.422222 0.0444444
0.422222 0.0666667
0.422222 0.0888889
0.422222 0.111111
0.422222 0.133333
0.422222 0.155556
0.422222 0.177778
0.422222 0.2
0.422222 0.222222
0.422222 0.244444
0.422222 0.266667
0.422222 0.288889
0.422222 0.311111
0.422222 0.333333
0.422222 0.355556
0.422222 0.377778
0.422222 0.4
0.422222 0.422222
0.422222 0.444444
0.422222 0.466667
0.422222 0.488889
0.444444 -0.488889
0.444444 -0.466667
0.444444 -0.444444
0.444444 -0.422222
0.444444 -0.4
0.444444 -0.377778
0.444444 -0.355556
0.444444 -0.333333
0.444444 -0.311111
0.444444 -0.288889
0.444444 -0.266667
0.444444 -0.244444
0.444444 -0.222222
0.444444 -0.2
0.444444 -0.177778
0.444444 -0.155556
0.444444 -0.133333
0.444444 -0.111111
0.444444 -0.0888889
0.444444 -0.0666667
0.444444 -0.0444444
0.444444 -0.0222222
0.444444 0
0.444444 0.0222222
0.444444 0.0444444
0.444444 0.0666667
0.444444 0.0888889
0.444444 0.111111
0.444444 0.133333
0.444444 0.155556
0.444444 0.177778
0.444444 0.2
0.444444 0.222222
0.444444 0.244444
0.444444 0.266667
0.444444 0.288889
0.444444 0.311111
0.444444 0.333333
0.444444 0.355556
0.444444 0.377778
0.444444 0.4
0.444444 0.422222
0.444444 0.444444
0.444444 0.466667
0.444444 0.488889
0.466667 -0.488889
0.466667 -0.466667
0.466667 -0.444444
0.466667 -0.422222
0.466667 -0.4
0.466667 -0.377778
0.466667 -0.355556
0.466667 -0.333333
0.466667 -0.311111
0.466667 -0.288889
0.466667 -0.266667
0.466667 -0.244444
0.466667 -0.222222
0.466667 -0.2
0.466667 -0.177778
0.466667 -0.155556
0.466667 -0.133333
0.466667 -0.111111
0.466667 -0.0888889
0.466667 -0.0666667
0.466667 -0.0444444
0.466667 -0.0222222
0.466667 0
0.466667 0.0222222
0.466667 0.0444444
0.466667 0.0666667
0.466667 0.0888889
0.466667 0.111111
0.466667 0.133333
0.466667 0.155556
0.466667 0.177778
0.466667 0.2
0.466667 0.222222
0.466667 0.244444
0.466667 0.266667
0.466667 0.288889
0.466667 0.311111
0.466667 0.333333
0.466667 0.355556
0.466667 0.377778
0.466667 0.4
0.466667 0.422222
0.466667 0.444444
0.466667 0.466667
0.466667 0.488889
0.488889 -0.488889
0.488889 -0.466667
0.488889 -0.444444
0.488889 -0.422222
0.488889 -0.4
0.488889 -0.377778
0.488889 -0.355556
0.488889 -0.333333
0.488889 -0.311111
0.488889 -0.288889
0.488889 -0.266667
0.488889 -0.244444
0.488889 -0.222222
0.488889 -0.2
0.488889 -0.177778
0.488889 -0.155556
0.488889 -0.133333
0.488889 -0.111111
0.488889 -0.0888889
0.488889 -0.0666667
masses
1
1
1
1
1
1
1
1
1
1
1
1
1
1
1
1
1
1
1
1
1
1
1
1
1
1
1
1
1
1
1
1
1
1
1
1
1
1
1
1
1
1
1
1
1
1
1
1
1
1
1
1
1
1
1
1
1
1
1
1
1
1
1
1
1
1
1
1
1
1
1
1
1
1
1
1
1
1
1
1
1
1
1
1
1
1
1
1
1
1
1
1
1
1
1
1
1
1
1
1
1
1
1
1
1
1
1
1
1
1
1
1
1
1
1
1
1
1
1
1
1
1
1
1
1
1
1
1
1
1
1
1
1
1
1
1
1
1
1
1
1
1
1
1
1
1
1
1
1
1
1
1
1
1
1
1
1
1
1
1
1
1
1
1
1
1
1
1
1
1
1
1
1
1
1
1
1
1
1
1
1
1
1
1
1
1
1
1
1
1
1
1
1
1
1
1
1
1
1
1
1
1
1
1
1
1
1
1
1
1
1
1
1
1
1
1
1
1
1
1
1
1
1
1
1
1
1
1
1
1
1
1
1
1
1
1
1
1
1
1
1
1
1
1
1
1
1
1
1
1
1
1
1
1
1
1
1
1
1
1
1
1
1
1
1
1
1
1
1
1
1
1
1
1
1
1
1
1
1
1
1
1
1
1
1
1
1
1
1
1
1
1
1
1
1
1
1
1
1
1
1
1
1
1
1
1
1
1
1
1
1
1
1
1
1
1
1
1
1
1
1
1
1
1
1
1
1
1
1
1
1
1
1
1
1
1
1
1
1
1
1
1
1
1
1
1
1
1
1
1
1
1
1
1
1
1
1
1
1
1
1
1
1
1
1
1
1
1
1
1
1
1
1
1
1
1
1
1
1
1
1
1
1
1
1
1
1
1
1
1
1
1
1
1
1
1
1
1
1
1
1
1
1
1
1
1
1
1
1
1
1
1
1
1
1
1
1
1
1
1
1
1
1
1
1
1
1
1
1
1
1
1
1
1
1
1
1
1
1
1
1
1
1
1
1
1
1
1
1
1
1
1
1
1
1
1
1
1
1
1
1
1
1
1
1
1
1
1
1
1
1
1
1
1
1
1
1
1
1
1
1
1
1
1
1
1
1
1
1
1
1
1
1
1
1
1
1
1
1
1
1
1
1
1
1
1
1
1
1
1
1
1
1
1
1
1
1
1
1
1
1
1
1
1
1
1
1
1
1
1
1
1
1
1
1
1
1
1
1
1
1
1
1
1
1
1
1
1
1
1
1
1
1
1
1
1
1
1
1
1
1
1
1
1
1
1
1
1
1
1
1
1
1
1
1
1
1
1
1
1
1
1
1
1
1
1
1
1
1
1
1
1
1
1
1
1
1
1
1
1
1
1
1
1
1
1
1
1
1
1
1
1
1
1
1
1
1
1
1
1
1
1
1
1
1
1
1
1
1
1
1
1
1
1
1
1
1
1
1
1
1
1
1
1
1
1
1
1
1
1
1
1
1
1
1
1
1
1
1
1
1
1
1
1
1
1
1
1
1
1
1
1
1
1
1
1
1
1
1
1
1
1
1
1
1
1
1
1
1
1
1
1
1
1
1
1
1
1
1
1
1
1
1
1
1
1
1
1
1
1
1
1
1
1
1
1
1
1
1
1
1
1
1
1
1
1
1
1
1
1
1
1
1
1
1
1
1
1
1
1
1
1
1
1
1
1
1
1
1
1
1
1
1
1
1
1
1
1
1
1
1
1
1
1
1
1
1
1
1
1
1
1
1
1
1
1
1
1
1
1
1
1
1
1
1
1
1
1
1
1
1
1
1
1
1
1
1
1
1
1
1
1
1
1
1
1
1
1
1
1
1
1
1
1
1
1
1
1
1
1
1
1
1
1
1
1
1
1
1
1
1
1
1
1
1
1
1
1
1
1
1
1
1
1
1
1
1
1
1
1
1
1
1
1
1
1
1
1
1
1
1
1
1
1
1
1
1
1
1
1
1
1
1
1
1
1
1
1
1
1
1
1
1
1
1
1
1
1
1
1
1
1
1
1
1
1
1
1
1
1
1
1
1
1
1
1
1
1
1
1
1
1
1
1
1
1
1
1
1
1
1
1
1
1
1
1
1
1
1
1
1
1
1
1
1
1
1
1
1
1
1
1
1
1
1
1
1
1
1
1
1
1
1
1
1
1
1
1
1
1
1
1
1
1
1
1
1
1
1
1
1
1
1
1
1
1
1
1
1
1
1
1
1
1
1
1
1
1
1
1
1
1
1
1
1
1
1
1
1
1
1
1
1
1
1
1
1
1
1
1
1
1
1
1
1
1
1
1
1
1
1
1
1
1
1
1
1
1
1
1
1
1
1
1
1
1
1
1
1
1
1
1
1
1
1
1
1
1
1
1
1
1
1
1
1
1
1
1
1
1
1
1
1
1
1
1
1
1
1
1
1
1
1
1
1
1
1
1
1
1
1
1
1
1
1
1
1
1
1
1
1
1
1
1
1
1
1
1
1
1
1
1
1
1
1
1
1
1
1
1
1
1
1
1
1
1
1
1
1
1
1
1
1
1
1
1
1
1
1
1
1
1
1
1
1
1
1
1
1
1
1
1
1
1
1
1
1
1
1
1
1
1
1
1
1
1
1
1
1
1
1
1
1
1
1
1
1
1
1
1
1
1
1
1
1
1
1
1
1
1
1
1
1
1
1
1
1
1
1
1
1
1
1
1
1
1
1
1
1
1
1
1
1
1
1
1
1
1
1
1
1
1
1
1
1
1
1
1
1
1
1
1
1
1
1
1
1
1
1
1
1
1
1
1
1
1
1
1
1
1
1
1
1
1
1
1
1
1
1
1
1
1
1
1
1
1
1
1
1
1
1
1
1
1
1
1
1
1
1
1
1
1
1
1
1
1
1
1
1
1
1
1
1
1
1
1
1
1
1
1
1
1
1
1
1
1
1
1
1
1
1
1
1
1
1
1
1
1
1
1
1
1
1
1
1
1
1
1
1
1
1
1
1
1
1
1
1
1
1
1
1
1
1
1
1
1
1
1
1
1
1
1
1
1
1
1
1
1
1
1
1
1
1
1
1
1
1
1
1
1
1
1
1
1
1
1
1
1
1
1
1
1
1
1
1
1
1
1
1
1
1
1
1
1
1
1
1
1
1
1
1
1
1
1
1
1
1
1
1
1
1
1
1
1
1
1
1
1
1
1
1
1
1
1
1
1
1
1
1
1
1
1
1
1
1
1
1
1
1
1
1
1
1
1
1
1
1
1
1
1
1
1
1
1
1
1
1
1
1
1
1
1
1
1
1
1
1
1
1
1
1
1
1
1
1
1
1
1
1
1
1
1
1
1
1
1
1
1
1
1
1
1
1
1
1
1
1
1
1
1
1
1
1
1
1
1
1
1
1
1
1
1
1
1
1
1
1
1
1
1
1
1
1
1
1
1
1
1
1
1
1
1
1
1
1
1
1
1
1
1
1
1
1
1
1
1
1
1
1
1
1
1
1
1
1
1
1
1
1
1
1
1
1
1
1
1
1
1
1
1
1
1
1
1
1
1
1
1
1
1
1
1
1
1
1
1
1
1
1
1
1
1
1
1
1
1
1
1
1
1
1
1
1
1
1
1
1
1
1
1
1
1
1
1
1
1
1
1
1
1
1
1
1
1
1
1
1
1
1
1
1
1
1
1
1
1
1
1
1
1
1
1
1
1
1
1
1
1
1
1
1
1
1
1
1
1
1
1
1
1
1
1
1
1
1
1
1
1
1
1
1
1
1
1
1
1
1
1
1
1
1
1
1
1
1
1
1
1
1
1
1
1
1
1
1
1
1
1
1
1
1
1
1
1
1
1
1
1
1
1
1
1
1
1
1
1
1
1
1
1
1
1
1
1
1
1
1
1
1
1
1
1
1
1
1
1
1
1
1
1
1
1
1
1
1
1
1
1
1
1
1
1
1
1
1
1
1
1
1
1
1
1
1
1
1
1
1
1
1
1
1
1
1
1
1
1
1
1
1
1
1
1
1
1
1
1
1
1
1
1
1
1
1
1
1
1
1
1
1
1
1
1
1
1
1
1
1
1
1
1
1
1
1
1
1
1
1
1
1
1
1
1
1
1
1
1
1
1
1
1
1
1
1
1
1
1
1
1
1
1
1
1
1
1
1
1
1
1
1
1
1
1
1
1
1
1
1
1
1
1
1
1
1
1
1
1
1
1
1
1
1
1
1
1
1
1
1
1
1
1
1
1
1
1
1
1
1
1
1
1
1
1
1
1
1
1
1
1
1
1
1
1
1
1
1
1
1
1
1
1
1
1
1
1
1
1
1
1
1
1
1
1
1
1
1
1
1
1
1
1
1
1
1
1
1
1
1
1
1
1
1
1
1
1
1
1
1
1
1
1
1
1
1
1
1
1
1
1
1
1
1
1
1
1
1
1
1
1
1
1
1
1
1
1
1
1
1
1
1
1
1
1
1
1
1
1
1
1
1
1
1
1
1
1
1
1
1
1
1
1
1
1
1
1
1
1
1
1
1
1
velocities
0 0
0 0
0 0
0 0
0 0
0 0
0 0
0 0
0 0
0 0
0 0
0 0
0 0
0 0
0 0
0 0
0 0
0 0
0 0
0 0
0 0
0 0
0 0
0 0
0 0
0 0
0 0
0 0
0 0
0 0
0 0
0 0
0 0
0 0
0 0
0 0
0 0
0 0
0 0
0 0
0 0
0 0
0 0
0 0
0 0
0 0
0 0
0 0
0 0
0 0
0 0
0 0
0 0
0 0
0 0
0 0
0 0
0 0
0 0
0 0
0 0
0 0
0 0
0 0
0 0
0 0
0 0
0 0
0 0
0 0
0 0
0 0
0 0
0 0
0 0
0 0
0 0
0 0
0 0
0 0
0 0
0 0
0 0
0 0
0 0
0 0
0 0
0 0
0 0
0 0
0 0
0 0
0 0
0 0
0 0
0 0
0 0
0 0
0 0
0 0
0 0
0 0
0 0
0 0
0 0
0 0
0 0
0 0
0 0
0 0
0 0
0 0
0 0
0 0
0 0
0 0
0 0
0 0
0 0
0 0
0 0
0 0
0 0
0 0
0 0
0 0
0 0
0 0
0 0
0 0
0 0
0 0
0 0
0 0
0 0
0 0
0 0
0 0
0 0
0 0
0 0
0 0
0 0
0 0
0 0
0 0
0 0
0 0
0 0
0 0
0 0
0 0
0 0
0 0
0 0
0 0
0 0
0 0
0 0
0 0
0 0
0 0
0 0
0 0
0 0
0 0
0 0
0 0
0 0
0 0
0 0
0 0
0 0
0 0
0 0
0 0
0 0
0 0
0 0
0 0
0 0
0 0
0 0
0 0
0 0
0 0
0 0
0 0
0 0
0 0
0 0
0 0
0 0
0 0
0 0
0 0
0 0
0 0
0 0
0 0
0 0
0 0
0 0
0 0
0 0
0 0
0 0
0 0
0 0
0 0
0 0
0 0
0 0
0 0
0 0
0 0
0 0
0 0
0 0
0 0
0 0
0 0
0 0
0 0
0 0
0 0
0 0
0 0
0 0
0 0
0 0
0 0
0 0
0 0
0 0
0 0
0 0
0 0
0 0
0 0
0 0
0 0
0 0
0 0
0 0
0 0
0 0
0 0
0 0
0 0
0 0
0 0
0 0
0 0
0 0
0 0
0 0
0 0
0 0
0 0
0 0
0 0
0 0
0 0
0 0
0 0
0 0
0 0
0 0
0 0
0 0
0 0
0 0
0 0
0 0
0 0
0 0
0 0
0 0
0 0
0 0
0 0
0 0
0 0
0 0
0 0
0 0
0 0
0 0
0 0
0 0
0 0
0 0
0 0
0 0
0 0
0 0
0 0
0 0
0 0
0 0
0 0
0 0
0 0
0 0
0 0
0 0
0 0
0 0
0 0
0 0
0 0
0 0
0 0
0 0
0 0
0 0
0 0
0 0
0 0
0 0
0 0
0 0
0 0
0 0
0 0
0 0
0 0
0 0
0 0
0 0
0 0
0 0
0 0
0 0
0 0
0 0
0 0
0 0
0 0
0 0
0 0
0 0
0 0
0 0
0 0
0 0
0 0
0 0
0 0
0 0
0 0
0 0
0 0
0 0
0 0
0 0
0 0
0 0
0 0
0 0
0 0
0 0
0 0
0 0
0 0
0 0
0 0
0 0
0 0
0 0
0 0
0 0
0 0
0 0
0 0
0 0
0 0
0 0
0 0
0 0
0 0
0 0
0 0
0 0
0 0
0 0
0 0
0 0
0 0
0 0
0 0
0 0
0 0
0 0
0 0
0 0
0 0
0 0
0 0
0 0
0 0
0 0
0 0
0 0
0 0
0 0
0 0
0 0
0 0
0 0
0 0
0 0
0 0
0 0
0 0
0 0
0 0
0 0
0 0
0 0
0 0
0 0
0 0
0 0
0 0
0 0
0 0
0 0
0 0
0 0
0 0
0 0
0 0
0 0
0 0
0 0
0 0
0 0
0 0
0 0
0 0
0 0
0 0
0 0
0 0
0 0
0 0
0 0
0 0
0 0
0 0
0 0
0 0
0 0
0 0
0 0
0 0
0 0
0 0
0 0
0 0
0 0
0 0
0 0
0 0
0 0
0 0
0 0
0 0
0 0
0 0
0 0
0 0
0 0
0 0
0 0
0 0
0 0
0 0
0 0
0 0
0 0
0 0
0 0
0 0
0 0
0 0
0 0
0 0
0 0
0 0
0 0
0 0
0 0
0 0
0 0
0 0
0 0
0 0
0 0
0 0
0 0
0 0
0 0
0 0
0 0
0 0
0 0
0 0
0 0
0 0
0 0
0 0
0 0
0 0
0 0
0 0
0 0
0 0
0 0
0 0
0 0
0 0
0 0
0 0
0 0
0 0
0 0
0 0
0 0
0 0
0 0
0 0
0 0
0 0
0 0
0 0
0 0
0 0
0 0
0 0
0 0
0 0
0 0
0 0
0 0
0 0
0 0
0 0
0 0
0 0
0 0
0 0
0 0
0 0
0 0
0 0
0 0
0 0
0 0
0 0
0 0
0 0
0 0
0 0
0 0
0 0
0 0
0 0
0 0
0 0
0 0
0 0
0 0
0 0
0 0
0 0
0 0
0 0
0 0
0 0
0 0
0 0
0 0
0 0
0 0
0 0
0 0
0 0
0 0
0 0
0 0
0 0
0 0
0 0
0 0
0 0
0 0
0 0
0 0
0 0
0 0
0 0
0 0
0 0
0 0
0 0
0 0
0 0
0 0
0 0
0 0
0 0
0 0
0 0
0 0
0 0
0 0
0 0
0 0
0 0
0 0
0 0
0 0
0 0
0 0
0 0
0 0
0 0
0 0
0 0
0 0
0 0
0 0
0 0
0 0
0 0
0 0
0 0
0 0
0 0
0 0
0 0
0 0
0 0
0 0
0 0
0 0
0 0
0 0
0 0
0 0
0 0
0 0
0 0
0 0
0 0
0 0
0 0
0 0
0 0
0 0
0 0
0 0
0 0
0 0
0 0
0 0
0 0
0 0
0 0
0 0
0 0
0 0
0 0
0 0
0 0
0 0
0 0
0 0
0 0
0 0
0 0
0 0
0 0
0 0
0 0
0 0
0 0
0 0
0 0
0 0
0 0
0 0
0 0
0 0
0 0
0 0
0 0
0 0
0 0
0 0
0 0
0 0
0 0
0 0
0 0
0 0
0 0
0 0
0 0
0 0
0 0
0 0
0 0
0 0
0 0
0 0
0 0
0 0
0 0
0 0
0 0
0 0
0 0
0 0
0 0
0 0
0 0
0 0
0 0
0 0
0 0
0 0
0 0
0 0
0 0
0 0
0 0
0 0
0 0
0 0
0 0
0 0
0 0
0 0
0 0
0 0
0 0
0 0
0 0
0 0
0 0
0 0
0 0
0 0
0 0
0 0
0 0
0 0
0 0
0 0
0 0
0 0
0 0
0 0
0 0
0 0
0 0
0 0
0 0
0 0
0 0
0 0
0 0
0 0
0 0
0 0
0 0
0 0
0 0
0 0
0 0
0 0
0 0
0 0
0 0
0 0
0 0
0 0
0 0
0 0
0 0
0 0
0 0
0 0
0 0
0 0
0 0
0 0
0 0
0 0
0 0
0 0
0 0
0 0
0 0
0 0
0 0
0 0
0 0
0 0
0 0
0 0
0 0
0 0
0 0
0 0
0 0
0 0
0 0
0 0
0 0
0 0
0 0
0 0
0 0
0 0
0 0
0 0
0 0
0 0
0 0
0 0
0 0
0 0
0 0
0 0
0 0
0 0
0 0
0 0
0 0
0 0
0 0
0 0
0 0
0 0
0 0
0 0
0 0
0 0
0 0
0 0
0 0
0 0
0 0
0 0
0 0
0 0
0 0
0 0
0 0
0 0
0 0
0 0
0 0
0 0
0 0
0 0
0 0
0 0
0 0
0 0
0 0
0 0
0 0
0 0
0 0
0 0
0 0
0 0
0 0
0 0
0 0
0 0
0 0
0 0
0 0
0 0
0 0
0 0
0 0
0 0
0 0
0 0
0 0
0 0
0 0
0 0
0 0
0 0
0 0
0 0
0 0
0 0
0 0
0 0
0 0
0 0
0 0
0 0
0 0
0 0
0 0
0 0
0 0
0 0
0 0
0 0
0 0
0 0
0 0
0 0
0 0
0 0
0 0
0 0
0 0
0 0
0 0
0 0
0 0
0 0
0 0
0 0
0 0
0 0
0 0
0 0
0 0
0 0
0 0
0 0
0 0
0 0
0 0
0 0
0 0
0 0
0 0
0 0
0 0
0 0
0 0
0 0
0 0
0 0
0 0
0 0
0 0
0 0
0 0
0 0
0 0
0 0
0 0
0 0
0 0
0 0
0 0
0 0
0 0
0 0
0 0
0 0
0 0
0 0
0 0
0 0
0 0
0 0
0 0
0 0
0 0
0 0
0 0
0 0
0 0
0 0
0 0
0 0
0 0
0 0
0 0
0 0
0 0
0 0
0 0
0 0
0 0
0 0
0 0
0 0
0 0
0 0
0 0
0 0
0 0
0 0
0 0
0 0
0 0
0 0
0 0
0 0
0 0
0 0
0 0
0 0
0 0
0 0
0 0
0 0
0 0
0 0
0 0
0 0
0 0
0 0
0 0
0 0
0 0
0 0
0 0
0 0
0 0
0 0
0 0
0 0
0 0
0 0
0 0
0 0
0 0
0 0
0 0
0 0
0 0
0 0
0 0
0 0
0 0
0 0
0 0
0 0
0 0
0 0
0 0
0 0
0 0
0 0
0 0
0 0
0 0
0 0
0 0
0 0
0 0
0 0
0 0
0 0
0 0
0 0
0 0
0 0
0 0
0 0
0 0
0 0
0 0
0 0
0 0
0 0
0 0
0 0
0 0
0 0
0 0
0 0
0 0
0 0
0 0
0 0
0 0
0 0
0 0
0 0
0 0
0 0
0 0
0 0
0 0
0 0
0 0
0 0
0 0
0 0
0 0
0 0
0 0
0 0
0 0
0 0
0 0
0 0
0 0
0 0
0 0
0 0
0 0
0 0
0 0
0 0
0 0
0 0
0 0
0 0
0 0
0 0
0 0
0 0
0 0
0 0
0 0
0 0
0 0
0 0
0 0
0 0
0 0
0 0
0 0
0 0
0 0
0 0
0 0
0 0
0 0
0 0
0 0
0 0
0 0
0 0
0 0
0 0
0 0
0 0
0 0
0 0
0 0
0 0
0 0
0 0
0 0
0 0
0 0
0 0
0 0
0 0
0 0
0 0
0 0
0 0
0 0
0 0
0 0
0 0
0 0
0 0
0 0
0 0
0 0
0 0
0 0
0 0
0 0
0 0
0 0
0 0
0 0
0 0
0 0
0 0
0 0
0 0
0 0
0 0
0 0
0 0
0 0
0 0
0 0
0 0
0 0
0 0
0 0
0 0
0 0
0 0
0 0
0 0
0 0
0 0
0 0
0 0
0 0
0 0
0 0
0 0
0 0
0 0
0 0
0 0
0 0
0 0
0 0
0 0
0 0
0 0
0 0
0 0
0 0
0 0
0 0
0 0
0 0
0 0
0 0
0 0
0 0
0 0
0 0
0 0
0 0
0 0
0 0
0 0
0 0
0 0
0 0
0 0
0 0
0 0
0 0
0 0
0 0
0 0
0 0
0 0
0 0
0 0
0 0
0 0
0 0
0 0
0 0
0 0
0 0
0 0
0 0
0 0
0 0
0 0
0 0
0 0
0 0
0 0
0 0
0 0
0 0
0 0
0 0
0 0
0 0
0 0
0 0
0 0
0 0
0 0
0 0
0 0
0 0
0 0
0 0
0 0
0 0
0 0
0 0
0 0
0 0
0 0
0 0
0 0
0 0
0 0
0 0
0 0
0 0
0 0
0 0
0 0
0 0
0 0
0 0
0 0
0 0
0 0
0 0
0 0
0 0
0 0
0 0
0 0
0 0
0 0
0 0
0 0
0 0
0 0
0 0
0 0
0 0
0 0
0 0
0 0
0 0
0 0
0 0
0 0
0 0
0 0
0 0
0 0
0 0
0 0
0 0
0 0
0 0
0 0
0 0
0 0
0 0
0 0
0 0
0 0
0 0
0 0
0 0
0 0
0 0
0 0
0 0
0 0
0 0
0 0
0 0
0 0
0 0
0 0
0 0
0 0
0 0
0 0
0 0
0 0
0 0
0 0
0 0
0 0
0 0
0 0
0 0
0 0
0 0
0 0
0 0
0 0
0 0
0 0
0 0
0 0
0 0
0 0
0 0
0 0
0 0
0 0
0 0
0 0
0 0
0 0
0 0
0 0
0 0
0 0
0 0
0 0
0 0
0 0
0 0
0 0
0 0
0 0
0 0
0 0
0 0
0 0
0 0
0 0
0 0
0 0
0 0
0 0
0 0
0 0
0 0
0 0
0 0
0 0
0 0
0 0
0 0
0 0
0 0
0 0
0 0
0 0
0 0
0 0
0 0
0 0
0 0
0 0
0 0
0 0
0 0
0 0
0 0
0 0
0 0
0 0
0 0
0 0
0 0
0 0
0 0
0 0
0 0
0 0
0 0
0 0
0 0
0 0
0 0
0 0
0 0
0 0
0 0
0 0
0 0
0 0
0 0
0 0
0 0
0 0
0 0
0 0
0 0
0 0
0 0
0 0
0 0
0 0
0 0
0 0
0 0
0 0
0 0
0 0
0 0
0 0
0 0
0 0
0 0
0 0
0 0
0 0
0 0
0 0
0 0
0 0
0 0
0 0
0 0
0 0
0 0
0 0
0 0
0 0
0 0
0 0
0 0
0 0
0 0
0 0
0 0
0 0
0 0
0 0
0 0
0 0
0 0
0 0
0 0
0 0
0 0
0 0
0 0
0 0
0 0
0 0
0 0
0 0
0 0
0 0
0 0
0 0
0 0
0 0
0 0
0 0
0 0
0 0
0 0
0 0
0 0
0 0
0 0
0 0
0 0
0 0
0 0
0 0
0 0
0 0
0 0
0 0
0 0
0 0
0 0
0 0
0 0
0 0
0 0
0 0
0 0
0 0
0 0
0 0
0 0
0 0
0 0
0 0
0 0
0 0
0 0
0 0
0 0
0 0
0 0
0 0
0 0
0 0
0 0
0 0
0 0
0 0
0 0
0 0
0 0
0 0
0 0
0 0
0 0
0 0
0 0
0 0
0 0
0 0
0 0
0 0
0 0
0 0
0 0
0 0
0 0
0 0
0 0
0 0
0 0
0 0
0 0
0 0
0 0
0 0
0 0
0 0
0 0
0 0
0 0
0 0
0 0
0 0
0 0
0 0
0 0
0 0
0 0
0 0
0 0
0 0
0 0
0 0
0 0
0 0
0 0
0 0
0 0
0 0
0 0
0 0
0 0
0 0
0 0
0 0
0 0
0 0
0 0
0 0
0 0
0 0
0 0
0 0
0 0
0 0
0 0
0 0
0 0
0 0
0 0
0 0
0 0
0 0
0 0
0 0
0 0
0 0
0 0
0 0
0 0
0 0
0 0
0 0
0 0
0 0
0 0
0 0
0 0
0 0
0 0
0 0
0 0
0 0
0 0
0 0
0 0
0 0
0 0
0 0
0 0
0 0
0 0
0 0
0 0
0 0
0 0
0 0
0 0
0 0
0 0
0 0
0 0
0 0
0 0
0 0
0 0
0 0
0 0
0 0
0 0
0 0
0 0
0 0
0 0
0 0
0 0
0 0
0 0
0 0
0 0
0 0
0 0
0 0
0 0
0 0
0 0
0 0
0 0
0 0
0 0
0 0
0 0
0 0
0 0
0 0
0 0
0 0
0 0
0 0
0 0
0 0
0 0
0 0
0 0
0 0
0 0
0 0
0 0
0 0
0 0
0 0
0 0
0 0
0 0
0 0
0 0
0 0
0 0
0 0
0 0
0 0
0 0
0 0
0 0
0 0
0 0
0 0
0 0
0 0
0 0
0 0
0 0
0 0
0 0
0 0
0 0
0 0
0 0
0 0
0 0
0 0
0 0
0 0
0 0
0 0
0 0
0 0
0 0
0 0
0 0
0 0
0 0
0 0
0 0
0 0
0 0
0 0
0 0
0 0
0 0
0 0
0 0
0 0
0 0
0 0
0 0
0 0
0 0
0 0
0 0
0 0
0 0
0 0
0 0
0 0
0 0
0 0
0 0
0 0
0 0
0 0
0 0
0 0
0 0
0 0
0 0
0 0
0 0
0 0
0 0
0 0
0 0
0 0
0 0
0 0
0 0
0 0
0 0
0 0
0 0
0 0
0 0
0 0
0 0
0 0
0 0
0 0
0 0
0 0
0 0
0 0
0 0
0 0
0 0
0 0
0 0
0 0
0 0
0 0
0 0
0 0
0 0
0 0
0 0
0 0
0 0
0 0
0 0
0 0
0 0
0 0
0 0
0 0
0 0
0 0
0 0
0 0
0 0
0 0
0 0
0 0
0 0
0 0
0 0
0 0
0 0
0 0
0 0
0 0
0 0
0 0
0 0
0 0
0 0
0 0
0 0
0 0
0 0
0 0
0 0
0 0
0 0
0 0
0 0
0 0
0 0
0 0
0 0
0 0
0 0
0 0
0 0
0 0
0 0
0 0
0 0
0 0
0 0
0 0
0 0
0 0
0 0
0 0
0 0
0 0
0 0
0 0
0 0
0 0
0 0
0 0
0 0
0 0
0 0
0 0
0 0
0 0
0 0
0 0
0 0
0 0
0 0
0 0
0 0
0 0
0 0
0 0
0 0
0 0
0 0
0 0
0 0
0 0
0 0
0 0
0 0
0 0
0 0
0 0
0 0
0 0
0 0
0 0
0 0
0 0
0 0
0 0
0 0
0 0
0 0
0 0
0 0
0 0
0 0
0 0
0 0
0 0
0 0
0 0
0 0
0 0
0 0
0 0
0 0
0 0
0 0
0 0
0 0
0 0
0 0
0 0
0 0
0 0
0 0
0 0
0 0
0 0
0 0
