positions
0.0416667 0.0416667 0.0416667
0.0416667 0.0416667 0.125
0.0416667 0.0416667 0.208333
0.0416667 0.0416667 0.291667
0.0416667 0.0416667 0.375
0.0416667 0.0416667 0.458333
0.0416667 0.125 0.0416667
0.0416667 0.125 0.125
0.0416667 0.125 0.208333
0.0416667 0.125 0.291667
0.0416667 0.125 0.375
0.0416667 0.125 0.458333
0.0416667 0.208333 0.0416667
0.0416667 0.208333 0.125
0.0416667 0.208333 0.208333
0.0416667 0.208333 0.291667
0.0416667 0.208333 0.375
0.0416667 0.208333 0.458333
0.0416667 0.291667 0.0416667
0.0416667 0.291667 0.125
0.0416667 0.291667 0.208333
0.0416667 0.291667 0.291667
0.0416667 0.291667 0.375
0.0416667 0.291667 0.458333
0.0416667 0.375 0.0416667
0.0416667 0.375 0.125
0.0416667 0.375 0.208333
0.0416667 0.375 0.291667
0.0416667 0.375 0.375
0.0416667 0.375 0.458333
0.0416667 0.458333 0.0416667
0.0416667 0.458333 0.125
0.0416667 0.458333 0.208333
0.0416667 0.458333 0.291667
0.0416667 0.458333 0.375
0.0416667 0.458333 0.458333
0.125 0.0416667 0.0416667
0.125 0.0416667 0.125
0.125 0.0416667 0.208333
0.125 0.0416667 0.291667
0.125 0.0416667 0.375
0.125 0.0416667 0.458333
0.125 0.125 0.0416667
0.125 0.125 0.125
0.125 0.125 0.208333
0.125 0.125 0.291667
0.125 0.125 0.375
0.125 0.125 0.458333
0.125 0.208333 0.0416667
0.125 0.208333 0.125
0.125 0.208333 0.208333
0.125 0.208333 0.291667
0.125 0.208333 0.375
0.125 0.208333 0.458333
0.125 0.291667 0.0416667
0.125 0.291667 0.125
0.125 0.291667 0.208333
0.125 0.291667 0.291667
0.125 0.291667 0.375
0.125 0.291667 0.458333
0.125 0.375 0.0416667
0.125 0.375 0.125
0.125 0.375 0.208333
0.125 0.375 0.291667
0.125 0.375 0.375
0.125 0.375 0.458333
0.125 0.458333 0.0416667
0.125 0.458333 0.125
0.125 0.458333 0.208333
0.125 0.458333 0.291667
0.125 0.458333 0.375
0.125 0.458333 0.458333
0.208333 0.0416667 0.0416667
0.208333 0.0416667 0.125
0.208333 0.0416667 0.208333
0.208333 0.0416667 0.291667
0.208333 0.0416667 0.375
0.208333 0.0416667 0.458333
0.208333 0.125 0.0416667
0.208333 0.125 0.125
0.208333 0.125 0.208333
0.208333 0.125 0.291667
0.208333 0.125 0.375
0.208333 0.125 0.458333
0.208333 0.208333 0.0416667
0.208333 0.208333 0.125
0.208333 0.208333 0.208333
0.208333 0.208333 0.291667
0.208333 0.208333 0.375
0.208333 0.208333 0.458333
0.208333 0.291667 0.0416667
0.208333 0.291667 0.125
0.208333 0.291667 0.208333
0.208333 0.291667 0.291667
0.208333 0.291667 0.375
0.208333 0.291667 0.458333
0.208333 0.375 0.0416667
0.208333 0.375 0.125
0.208333 0.375 0.208333
0.208333 0.375 0.291667
0.208333 0.375 0.375
0.208333 0.375 0.458333
0.208333 0.458333 0.0416667
0.208333 0.458333 0.125
0.208333 0.458333 0.208333
0.208333 0.458333 0.291667
0.208333 0.458333 0.375
0.208333 0.458333 0.458333
0.291667 0.0416667 0.0416667
0.291667 0.0416667 0.125
0.291667 0.0416667 0.208333
0.291667 0.0416667 0.291667
0.291667 0.0416667 0.375
0.291667 0.0416667 0.458333
0.291667 0.125 0.0416667
0.291667 0.125 0.125
0.291667 0.125 0.208333
0.291667 0.125 0.291667
0.291667 0.125 0.375
0.291667 0.125 0.458333
0.291667 0.208333 0.0416667
0.291667 0.208333 0.125
0.291667 0.208333 0.208333
0.291667 0.208333 0.291667
0.291667 0.208333 0.375
0.291667 0.208333 0.458333
0.291667 0.291667 0.0416667
0.291667 0.291667 0.125
0.291667 0.291667 0.208333
0.291667 0.291667 0.291667
0.291667 0.291667 0.375
0.291667 0.291667 0.458333
0.291667 0.375 0.0416667
0.291667 0.375 0.125
0.291667 0.375 0.208333
0.291667 0.375 0.291667
0.291667 0.375 0.375
0.291667 0.375 0.458333
0.291667 0.458333 0.0416667
0.291667 0.458333 0.125
0.291667 0.458333 0.208333
0.291667 0.458333 0.291667
0.291667 0.458333 0.375
0.291667 0.458333 0.458333
0.375 0.0416667 0.0416667
0.375 0.0416667 0.125
0.375 0.0416667 0.208333
0.375 0.0416667 0.291667
0.375 0.0416667 0.375
0.375 0.0416667 0.458333
masses
1
1
1
1
1
1
1
1
1
1
1
1
1
1
1
1
1
1
1
1
1
1
1
1
1
1
1
1
1
1
1
1
1
1
1
1
1
1
1
1
1
1
1
1
1
1
1
1
1
1
1
1
1
1
1
1
1
1
1
1
1
1
1
1
1
1
1
1
1
1
1
1
1
1
1
1
1
1
1
1
1
1
1
1
1
1
1
1
1
1
1
1
1
1
1
1
1
1
1
1
1
1
1
1
1
1
1
1
1
1
1
1
1
1
1
1
1
1
1
1
1
1
1
1
1
1
1
1
1
1
1
1
1
1
1
1
1
1
1
1
1
1
1
1
1
1
1
1
1
1
velocities
0 0 0
0 0 0
0 0 0
0 0 0
0 0 0
0 0 0
0 0 0
0 0 0
0 0 0
0 0 0
0 0 0
0 0 0
0 0 0
0 0 0
0 0 0
0 0 0
0 0 0
0 0 0
0 0 0
0 0 0
0 0 0
0 0 0
0 0 0
0 0 0
0 0 0
0 0 0
0 0 0
0 0 0
0 0 0
0 0 0
0 0 0
0 0 0
0 0 0
0 0 0
0 0 0
0 0 0
0 0 0
0 0 0
0 0 0
0 0 0
0 0 0
0 0 0
0 0 0
0 0 0
0 0 0
0 0 0
0 0 0
0 0 0
0 0 0
0 0 0
0 0 0
0 0 0
0 0 0
0 0 0
0 0 0
0 0 0
0 0 0
0 0 0
0 0 0
0 0 0
0 0 0
0 0 0
0 0 0
0 0 0
0 0 0
0 0 0
0 0 0
0 0 0
0 0 0
0 0 0
0 0 0
0 0 0
0 0 0
0 0 0
0 0 0
0 0 0
0 0 0
0 0 0
0 0 0
0 0 0
0 0 0
0 0 0
0 0 0
0 0 0
0 0 0
0 0 0
0 0 0
0 0 0
0 0 0
0 0 0
0 0 0
0 0 0
0 0 0
0 0 0
0 0 0
0 0 0
0 0 0
0 0 0
0 0 0
0 0 0
0 0 0
0 0 0
0 0 0
0 0 0
0 0 0
0 0 0
0 0 0
0 0 0
0 0 0
0 0 0
0 0 0
0 0 0
0 0 0
0 0 0
0 0 0
0 0 0
0 0 0
0 0 0
0 0 0
0 0 0
0 0 0
0 0 0
0 0 0
0 0 0
0 0 0
0 0 0
0 0 0
0 0 0
0 0 0
0 0 0
0 0 0
0 0 0
0 0 0
0 0 0
0 0 0
0 0 0
0 0 0
0 0 0
0 0 0
0 0 0
0 0 0
0 0 0
0 0 0
0 0 0
0 0 0
0 0 0
0 0 0
0 0 0
0 0 0
0 0 0
