positions
-0.105649 -1.142883 -0.070508
0.310266 0.758347 -1.006243
-1.475020 0.209049 -0.958995
-1.704123 -0.643811 0.594540
1.106194 -0.777891 0.567593
-1.066000 0.221951 -0.039076
-0.665170 -0.752088 -0.093264
0.679950 0.064583 -0.667141
0.268481 1.638737 1.511564
0.303251 0.542205 -0.056406
0.036235 0.912986 -0.552684
-1.421449 -1.385269 -0.552068
-0.312379 -0.577383 0.172726
-0.238879 0.772854 0.043729
0.748574 -2.953305 -2.642634
-0.175708 1.652977 0.195012
-0.687889 0.462326 -0.260737
0.256982 0.167478 0.746308
0.466560 1.504191 0.426433
2.278680 -0.356975 -0.450461
0.108545 -0.818342 0.663807
1.103211 0.163097 1.038250
0.546747 0.523587 0.592239
0.244919 1.345825 0.202709
0.683160 0.457791 0.422886
-0.015913 0.681308 0.128307
0.959849 -1.008297 0.343687
0.562350 -1.064477 -0.671707
0.142028 -1.014384 -0.652954
-0.366229 -0.194620 -0.003070
0.738815 0.390975 -0.177965
1.368599 0.372939 -0.302340
-0.912973 -1.208930 0.505836
-0.848419 1.275897 -0.898801
0.220120 0.499732 0.630876
-1.325866 1.094263 0.698890
0.796667 0.194504 0.857985
-1.579421 0.851259 -0.996500
-0.150341 -0.162216 1.271759
-0.805881 -0.811636 1.153847
0.762405 0.094637 -0.274237
-1.305119 1.106045 1.598859
0.407095 0.965910 0.039454
2.136540 -0.463764 -0.046518
-0.244351 -0.542807 1.659293
-1.439376 -0.713077 1.940623
-2.189405 2.849034 1.001247
1.444336 -0.579871 0.246801
1.698389 0.467274 -0.934662
-0.766887 -0.494461 -1.975514
0.393331 -1.507608 0.680797
-0.393086 1.553451 0.120185
0.231397 -0.185254 -0.567756
1.065223 -1.071667 1.060893
-2.042942 -0.505564 1.478562
-0.818537 -0.168552 -0.071816
1.024961 -2.275150 -1.704372
0.185773 -1.526397 -0.718797
-0.828491 1.740413 -0.526371
-1.169679 0.553965 0.143640
0.262757 -0.798780 0.111643
-0.267267 -0.415307 1.918003
-1.364390 1.241169 -1.269813
-0.712774 1.451108 0.356970
0.154728 -1.054914 -1.265576
-0.422378 -0.194253 0.118097
0.735462 -1.537634 -1.011517
1.343654 0.516433 -0.103663
-0.110591 1.097894 -0.030340
0.337425 1.914231 -0.314056
-0.932580 1.370999 1.299603
0.311333 -0.107381 0.927106
1.453610 0.958132 -0.610184
-0.937808 0.658380 0.022258
0.362903 -0.360187 -0.564980
-0.280984 -0.684232 1.636753
3.073040 -1.306341 0.896427
-1.029170 -0.700366 1.275801
-1.391254 0.196023 1.594192
1.595988 -0.912848 2.579963
-0.804467 0.152761 -1.052568
-0.510970 0.129447 -0.681140
1.176368 0.438355 -0.713876
1.775464 0.763113 -0.562544
-0.257823 0.525172 0.550093
-0.398176 -0.082377 0.308080
-0.988506 -0.287780 -0.327013
-0.693903 0.725781 -0.054696
-0.303262 -0.316658 -0.426108
0.731619 1.086069 1.712407
0.161424 -1.882066 -0.823285
0.463244 0.098559 1.521426
-0.026526 1.151841 0.814985
1.802965 1.795286 0.939228
0.787355 -0.189149 1.487883
3.219548 2.228630 1.835335
-1.310757 0.785251 -0.688165
-0.321180 1.083737 -2.260160
1.021417 1.028774 0.085606
0.695816 -1.304183 -0.248640
masses
1.0
1.0
1.0
1.0
1.0
1.0
1.0
1.0
1.0
1.0
1.0
1.0
1.0
1.0
1.0
1.0
1.0
1.0
1.0
1.0
1.0
1.0
1.0
1.0
1.0
1.0
1.0
1.0
1.0
1.0
1.0
1.0
1.0
1.0
1.0
1.0
1.0
1.0
1.0
1.0
1.0
1.0
1.0
1.0
1.0
1.0
1.0
1.0
1.0
1.0
1.0
1.0
1.0
1.0
1.0
1.0
1.0
1.0
1.0
1.0
1.0
1.0
1.0
1.0
1.0
1.0
1.0
1.0
1.0
1.0
1.0
1.0
1.0
1.0
1.0
1.0
1.0
1.0
1.0
1.0
1.0
1.0
1.0
1.0
1.0
1.0
1.0
1.0
1.0
1.0
1.0
1.0
1.0
1.0
1.0
1.0
1.0
1.0
1.0
1.0
velocities
0.0 0.0 0.0
0.0 0.0 0.0
0.0 0.0 0.0
0.0 0.0 0.0
0.0 0.0 0.0
0.0 0.0 0.0
0.0 0.0 0.0
0.0 0.0 0.0
0.0 0.0 0.0
0.0 0.0 0.0
0.0 0.0 0.0
0.0 0.0 0.0
0.0 0.0 0.0
0.0 0.0 0.0
0.0 0.0 0.0
0.0 0.0 0.0
0.0 0.0 0.0
0.0 0.0 0.0
0.0 0.0 0.0
0.0 0.0 0.0
0.0 0.0 0.0
0.0 0.0 0.0
0.0 0.0 0.0
0.0 0.0 0.0
0.0 0.0 0.0
0.0 0.0 0.0
0.0 0.0 0.0
0.0 0.0 0.0
0.0 0.0 0.0
0.0 0.0 0.0
0.0 0.0 0.0
0.0 0.0 0.0
0.0 0.0 0.0
0.0 0.0 0.0
0.0 0.0 0.0
0.0 0.0 0.0
0.0 0.0 0.0
0.0 0.0 0.0
0.0 0.0 0.0
0.0 0.0 0.0
0.0 0.0 0.0
0.0 0.0 0.0
0.0 0.0 0.0
0.0 0.0 0.0
0.0 0.0 0.0
0.0 0.0 0.0
0.0 0.0 0.0
0.0 0.0 0.0
0.0 0.0 0.0
0.0 0.0 0.0
0.0 0.0 0.0
0.0 0.0 0.0
0.0 0.0 0.0
0.0 0.0 0.0
0.0 0.0 0.0
0.0 0.0 0.0
0.0 0.0 0.0
0.0 0.0 0.0
0.0 0.0 0.0
0.0 0.0 0.0
0.0 0.0 0.0
0.0 0.0 0.0
0.0 0.0 0.0
0.0 0.0 0.0
0.0 0.0 0.0
0.0 0.0 0.0
0.0 0.0 0.0
0.0 0.0 0.0
0.0 0.0 0.0
0.0 0.0 0.0
0.0 0.0 0.0
0.0 0.0 0.0
0.0 0.0 0.0
0.0 0.0 0.0
0.0 0.0 0.0
0.0 0.0 0.0
0.0 0.0 0.0
0.0 0.0 0.0
0.0 0.0 0.0
0.0 0.0 0.0
0.0 0.0 0.0
0.0 0.0 0.0
0.0 0.0 0.0
0.0 0.0 0.0
0.0 0.0 0.0
0.0 0.0 0.0
0.0 0.0 0.0
0.0 0.0 0.0
0.0 0.0 0.0
0.0 0.0 0.0
0.0 0.0 0.0
0.0 0.0 0.0
0.0 0.0 0.0
0.0 0.0 0.0
0.0 0.0 0.0
0.0 0.0 0.0
0.0 0.0 0.0
0.0 0.0 0.0
0.0 0.0 0.0
0.0 0.0 0.0
radius
0.05
0.05
0.05
0.05
0.05
0.05
0.05
0.05
0.05
0.05
0.05
0.05
0.05
0.05
0.05
0.05
0.05
0.05
0.05
0.05
0.05
0.05
0.05
0.05
0.05
0.05
0.05
0.05
0.05
0.05
0.05
0.05
0.05
0.05
0.05
0.05
0.05
0.05
0.05
0.05
0.05
0.05
0.05
0.05
0.05
0.05
0.05
0.05
0.05
0.05
0.05
0.05
0.05
0.05
0.05
0.05
0.05
0.05
0.05
0.05
0.05
0.05
0.05
0.05
0.05
0.05
0.05
0.05
0.05
0.05
0.05
0.05
0.05
0.05
0.05
0.05
0.05
0.05
0.05
0.05
0.05
0.05
0.05
0.05
0.05
0.05
0.05
0.05
0.05
0.05
0.05
0.05
0.05
0.05
0.05
0.05
0.05
0.05
0.05
0.05