positions
-0.400000 -0.400000 1.400000
-0.400000 -0.400000 1.200000
-0.400000 -0.400000 1.000000
-0.400000 -0.400000 0.800000
-0.400000 -0.400000 0.600000
-0.400000 -0.200000 1.400000
-0.400000 -0.200000 1.200000
-0.400000 -0.200000 1.000000
-0.400000 -0.200000 0.800000
-0.400000 -0.200000 0.600000
-0.400000 0.000000 1.400000
-0.400000 0.000000 1.200000
-0.400000 0.000000 1.000000
-0.400000 0.000000 0.800000
-0.400000 0.000000 0.600000
-0.400000 0.200000 1.400000
-0.400000 0.200000 1.200000
-0.400000 0.200000 1.000000
-0.400000 0.200000 0.800000
-0.400000 0.200000 0.600000
-0.400000 0.400000 1.400000
-0.400000 0.400000 1.200000
-0.400000 0.400000 1.000000
-0.400000 0.400000 0.800000
-0.400000 0.400000 0.600000
-0.200000 -0.400000 1.400000
-0.200000 -0.400000 1.200000
-0.200000 -0.400000 1.000000
-0.200000 -0.400000 0.800000
-0.200000 -0.400000 0.600000
-0.200000 -0.200000 1.400000
-0.200000 -0.200000 1.200000
-0.200000 -0.200000 1.000000
-0.200000 -0.200000 0.800000
-0.200000 -0.200000 0.600000
-0.200000 0.000000 1.400000
-0.200000 0.000000 1.200000
-0.200000 0.000000 1.000000
-0.200000 0.000000 0.800000
-0.200000 0.000000 0.600000
-0.200000 0.200000 1.400000
-0.200000 0.200000 1.200000
-0.200000 0.200000 1.000000
-0.200000 0.200000 0.800000
-0.200000 0.200000 0.600000
-0.200000 0.400000 1.400000
-0.200000 0.400000 1.200000
-0.200000 0.400000 1.000000
-0.200000 0.400000 0.800000
-0.200000 0.400000 0.600000
0.000000 -0.400000 1.400000
0.000000 -0.400000 1.200000
0.000000 -0.400000 1.000000
0.000000 -0.400000 0.800000
0.000000 -0.400000 0.600000
0.000000 -0.200000 1.400000
0.000000 -0.200000 1.200000
0.000000 -0.200000 1.000000
0.000000 -0.200000 0.800000
0.000000 -0.200000 0.600000
0.000000 0.000000 1.400000
0.000000 0.000000 1.200000
0.000000 0.000000 1.000000
0.000000 0.000000 0.800000
0.000000 0.000000 0.600000
0.000000 0.200000 1.400000
0.000000 0.200000 1.200000
0.000000 0.200000 1.000000
0.000000 0.200000 0.800000
0.000000 0.200000 0.600000
0.000000 0.400000 1.400000
0.000000 0.400000 1.200000
0.000000 0.400000 1.000000
0.000000 0.400000 0.800000
0.000000 0.400000 0.600000
0.200000 -0.400000 1.400000
0.200000 -0.400000 1.200000
0.200000 -0.400000 1.000000
0.200000 -0.400000 0.800000
0.200000 -0.400000 0.600000
0.200000 -0.200000 1.400000
0.200000 -0.200000 1.200000
0.200000 -0.200000 1.000000
0.200000 -0.200000 0.800000
0.200000 -0.200000 0.600000
0.200000 0.000000 1.400000
0.200000 0.000000 1.200000
0.200000 0.000000 1.000000
0.200000 0.000000 0.800000
0.200000 0.000000 0.600000
0.200000 0.200000 1.400000
0.200000 0.200000 1.200000
0.200000 0.200000 1.000000
0.200000 0.200000 0.800000
0.200000 0.200000 0.600000
0.200000 0.400000 1.400000
0.200000 0.400000 1.200000
0.200000 0.400000 1.000000
0.200000 0.400000 0.800000
0.200000 0.400000 0.600000
masses
1.0
1.0
1.0
1.0
1.0
1.0
1.0
1.0
1.0
1.0
1.0
1.0
1.0
1.0
1.0
1.0
1.0
1.0
1.0
1.0
1.0
1.0
1.0
1.0
1.0
1.0
1.0
1.0
1.0
1.0
1.0
1.0
1.0
1.0
1.0
1.0
1.0
1.0
1.0
1.0
1.0
1.0
1.0
1.0
1.0
1.0
1.0
1.0
1.0
1.0
1.0
1.0
1.0
1.0
1.0
1.0
1.0
1.0
1.0
1.0
1.0
1.0
1.0
1.0
1.0
1.0
1.0
1.0
1.0
1.0
1.0
1.0
1.0
1.0
1.0
1.0
1.0
1.0
1.0
1.0
1.0
1.0
1.0
1.0
1.0
1.0
1.0
1.0
1.0
1.0
1.0
1.0
1.0
1.0
1.0
1.0
1.0
1.0
1.0
1.0
velocities
0.0 0.0 0.0
0.0 0.0 0.0
0.0 0.0 0.0
0.0 0.0 0.0
0.0 0.0 0.0
0.0 0.0 0.0
0.0 0.0 0.0
0.0 0.0 0.0
0.0 0.0 0.0
0.0 0.0 0.0
0.0 0.0 0.0
0.0 0.0 0.0
0.0 0.0 0.0
0.0 0.0 0.0
0.0 0.0 0.0
0.0 0.0 0.0
0.0 0.0 0.0
0.0 0.0 0.0
0.0 0.0 0.0
0.0 0.0 0.0
0.0 0.0 0.0
0.0 0.0 0.0
0.0 0.0 0.0
0.0 0.0 0.0
0.0 0.0 0.0
0.0 0.0 0.0
0.0 0.0 0.0
0.0 0.0 0.0
0.0 0.0 0.0
0.0 0.0 0.0
0.0 0.0 0.0
0.0 0.0 0.0
0.0 0.0 0.0
0.0 0.0 0.0
0.0 0.0 0.0
0.0 0.0 0.0
10.0 10.0 10.0
0.0 0.0 0.0
-2.3  1.7 -4.8
 3.5 -0.9  0.6
 1.2  2.1  3.3
-4.0 -1.5  4.9
 0.0  3.0 -2.2
-1.1 -3.3  1.4
 2.7  0.8 -3.5
-0.5 -2.7 -0.6
 4.1 -0.1  1.5
 0.9 -4.4  2.0
-3.8  4.2  0.0
 2.0  2.3 -1.1
-4.5  1.0  3.7
 1.8 -3.6 -0.9
-0.2  0.0  5.0
 4.6 -2.0 -4.7
 3.0  3.3 -3.2
-1.7 -4.1  2.6
-2.9  1.4  1.9
 0.7  2.5 -3.8
5.0 0.0 0.0
-5.0 0.0 0.0
0.0 0.0 0.0
0.0 5.0 0.0
0.0 -5.0 0.0
0.0 0.0 5.0
5.0 0.0 -5.0
-5.0 0.0 5.0
0.0 0.0 -5.0
0.0 0.0 0.0
0.0 0.0 0.0
0.0 0.0 0.0
5.0 0.0 0.0
-5.0 0.0 0.0
0.0 0.0 0.0
0.0 0.0 0.0
0.0 5.0 0.0
0.0 -5.0 0.0
0.0 0.0 0.0
0.0 0.0 5.0
0.0 0.0 -5.0
-2.3  1.7 -4.8
 3.5 -0.9  0.6
 1.2  2.1  3.3
-4.0 -1.5  4.9
 0.0  3.0 -2.2
-1.1 -3.3  1.4
 2.7  0.8 -3.5
-0.5 -2.7 -0.6
 4.1 -0.1  1.5
 0.9 -4.4  2.0
-3.8  4.2  0.0
 2.0  2.3 -1.1
-4.5  1.0  3.7
 1.8 -3.6 -0.9
-0.2  0.0  5.0
 4.6 -2.0 -4.7
 3.0  3.3 -3.2
-1.7 -4.1  2.6
-2.9  1.4  1.9
 0.7  2.5 -3.8
-10.0 -10.0 -10.0
radius
0.05
0.05
0.05
0.05
0.05
0.05
0.05
0.05
0.05
0.05
0.05
0.05
0.05
0.05
0.05
0.05
0.05
0.05
0.05
0.05
0.05
0.05
0.05
0.05
0.05
0.05
0.05
0.05
0.05
0.05
0.05
0.05
0.05
0.05
0.05
0.05
0.05
0.05
0.05
0.05
0.05
0.05
0.05
0.05
0.05
0.05
0.05
0.05
0.05
0.05
0.05
0.05
0.05
0.05
0.05
0.05
0.05
0.05
0.05
0.05
0.05
0.05
0.05
0.05
0.05
0.05
0.05
0.05
0.05
0.05
0.05
0.05
0.05
0.05
0.05
0.05
0.05
0.05
0.05
0.05
0.05
0.05
0.05
0.05
0.05
0.05
0.05
0.05
0.05
0.05
0.05
0.05
0.05
0.05
0.05
0.05
0.05
0.05
0.05
0.05
